player 1 weights[-18, -0.25, -2.0, -0.25, 18, -0.25, -0.25, -0.25, -0.5, -0.375]  player 2 weights[18, -18, -0.25, 17.75, -0.25, -0.25, -0.25, -0.25, -0.75, -0.25]  Player1 score: 51  Player2 score: 50
player 1 weights[18, -0.25, -0.25, -0.25, -0.25, -0.25, -0.25, -0.25, -0.25, -18.25]  player 2 weights[-18, 18, -0.25, 6.75, -0.25, -0.25, -0.25, -0.25, -0.25, -0.25]  Player1 score: 109  Player2 score: 92
player 1 weights[-18, -0.25, -18, -0.25, -0.25, -0.25, -0.25, -0.25, -0.25, -18.25]  player 2 weights[18, -18, -0.25, -0.25, -0.25, -0.25, -0.25, -0.25, -0.25, -18.25]  Player1 score: 157  Player2 score: 144
player 1 weights[18, -0.25, -0.25, -0.25, -0.25, -0.25, -0.25, -18, -0.25, -0.5]  player 2 weights[18, -18, -0.25, -0.25, -0.25, -0.25, -0.25, -0.25, -0.25, -0.5]  Player1 score: 204  Player2 score: 197
player 1 weights[-18, -0.25, -8.125, -0.25, -0.25, -0.25, -0.25, -0.25, -0.375, -0.25]  player 2 weights[18, -18, -0.25, 0.625, -0.25, -0.25, -0.25, -0.25, -1.25, 0.0625]  Player1 score: 251  Player2 score: 250
player 1 weights[-18, -0.25, -0.25, -0.25, -0.25, -0.25, -0.25, -0.25, -0.25, -0.25]  player 2 weights[-18, 18, -0.25, -0.25, -0.25, -18, -0.25, -0.25, -0.25, -0.5]  Player1 score: 304  Player2 score: 297
player 1 weights[18, -0.25, -0.25, -0.25, -0.25, -0.25, -0.25, -0.25, -0.25, -0.25]  player 2 weights[-18, 18, -0.25, 0.625, -0.25, -0.25, 18, -0.25, -0.25, -0.25]  Player1 score: 353  Player2 score: 348
player 1 weights[18, -0.25, 18, -0.25, -0.25, -18, -0.25, -0.25, -0.375, 0.0]  player 2 weights[18, -18, -0.25, 17.5, -0.25, -0.25, -0.25, -0.25, -0.25, -0.5]  Player1 score: 406  Player2 score: 395
player 1 weights[-18, -0.25, -0.25, -0.25, -0.25, -0.25, -0.25, -0.25, -0.25, -18]  player 2 weights[18, -18, -0.25, -0.25, -0.25, -0.25, -0.25, -0.25, -0.25, 18]  Player1 score: 463  Player2 score: 438
player 1 weights[18, -0.25, -0.25, -0.25, -0.25, -0.25, -0.25, -0.25, -0.25, -0.25]  player 2 weights[-18, 18, -0.25, -0.25, -0.25, -0.25, -0.25, -0.25, 18, 2.625]  Player1 score: 511  Player2 score: 490
player 1 weights[-18, -0.25, -2.0, -0.25, -18, -0.25, -0.25, -0.25, -0.25, -0.5]  player 2 weights[-18, 18, -0.25, 0.625, -0.25, -18.25, -0.25, -0.25, -0.5, -0.875]  Player1 score: 566  Player2 score: 535
player 1 weights[-18, -0.25, -0.25, -0.25, -0.25, -0.25, -0.25, -0.25, -0.25, -0.25]  player 2 weights[-18, 18, -0.25, 4.0, -0.25, -0.25, -0.25, 18, -0.25, -4.25]  Player1 score: 616  Player2 score: 585
player 1 weights[18, -0.25, 11.25, -0.25, -0.25, -0.25, -0.25, -0.25, -0.25, 0.0]  player 2 weights[18, -18, -0.25, -0.25, -0.25, 18, -0.25, -0.25, -0.25, 0.625]  Player1 score: 668  Player2 score: 633
player 1 weights[18, -0.25, -0.25, -0.25, -0.25, -0.25, -0.25, -0.25, -0.25, -1.0]  player 2 weights[-18, 18, -0.25, -0.25, -0.25, -0.25, -0.25, -0.25, -0.25, -0.25]  Player1 score: 727  Player2 score: 674
player 1 weights[-18, -0.25, -0.25, -0.25, -0.25, -0.25, -0.25, -0.25, 18, -0.25]  player 2 weights[18, -18, -0.25, -0.25, -0.25, -0.25, -0.25, -0.25, -1.5, -0.25]  Player1 score: 773  Player2 score: 728
player 1 weights[-18, -0.25, 18, 1.5, -0.25, -0.25, -0.25, -0.25, -0.25, -0.25]  player 2 weights[-18, 18, -0.25, -0.25, -0.25, -0.25, -0.25, -0.25, -0.25, -0.25]  Player1 score: 824  Player2 score: 777
player 1 weights[-18, -0.25, -18, 18, -0.25, -0.25, -0.25, -0.25, -0.25, -0.25]  player 2 weights[-18, 18, -0.25, 15.75, -0.25, -0.25, -0.25, -0.25, -0.25, -0.25]  Player1 score: 876  Player2 score: 825
player 1 weights[-18, -0.25, -0.25, -0.25, -0.25, -0.25, -0.25, -0.25, -18, -0.25]  player 2 weights[18, -18, -0.25, -18.25, -0.25, -0.25, -0.25, -0.25, -18, 0.0]  Player1 score: 933  Player2 score: 868
player 1 weights[-18, -0.25, -0.25, -0.25, -0.25, -0.25, -0.25, -0.25, -0.25, -0.25]  player 2 weights[18, -18, -0.25, -0.25, -0.25, -0.25, -0.25, -0.25, -0.25, -0.25]  Player1 score: 981  Player2 score: 920
player 1 weights[-18, -0.25, -0.25, 0.0, -0.25, -0.25, -0.25, -0.25, -0.25, -0.625]  player 2 weights[18, -18, -0.25, -0.375, -0.25, -0.25, -0.25, -0.25, -0.25, 0.625]  Player1 score: 1035  Player2 score: 966
player 1 weights[18, -0.25, -0.25, -0.25, -0.25, -0.25, -0.25, -0.25, -0.25, -0.25]  player 2 weights[-18, 18, -0.25, -0.25, -0.25, -0.25, -0.25, 18, 17.75, -0.5]  Player1 score: 1079  Player2 score: 1022
player 1 weights[18, 0.25, 0.25, 0.25, 0.25, 0.25, 0.25, 18, 0.25, -1.75]  player 2 weights[18, -18, 0.25, 0.25, 0.25, 0.25, 0.25, 0.25, 0.25, 0.25]  Player1 score: 1136  Player2 score: 1065
player 1 weights[-18, -0.25, -0.25, -2.25, -0.25, -0.25, -0.25, -0.25, -0.25, -0.25]  player 2 weights[18, -18, -15.5, -0.25, -0.25, -0.25, -0.25, -0.25, -0.25, -0.25]  Player1 score: 1185  Player2 score: 1116
player 1 weights[18, -0.25, -0.25, -0.25, -0.25, -0.25, -0.25, -0.25, -0.25, 0.0]  player 2 weights[-18, 18, -0.25, -0.25, -0.25, -18, -0.25, -0.25, -0.25, -0.25]  Player1 score: 1235  Player2 score: 1166
player 1 weights[-18, -0.25, -0.25, -0.25, -0.25, 1.5, -0.25, -0.25, -0.25, -0.25]  player 2 weights[-18, 18, 0.0, -0.25, -0.25, -0.25, -0.25, -0.25, -0.25, -0.25]  Player1 score: 1280  Player2 score: 1221
player 1 weights[-18, 0.25, 0.25, 0.25, 0.25, 0.25, 0.25, 0.25, 0.25, -0.1875]  player 2 weights[-18, 18, 0.25, 18, 0.25, 0.25, 0.25, 0.25, 0.25, 0.25]  Player1 score: 1326  Player2 score: 1275
player 1 weights[-18, -0.25, -0.25, -0.25, -0.25, 18, -0.25, -0.25, -0.25, -2.0]  player 2 weights[-18, 18, -18, -0.25, -0.25, -0.25, -0.25, -18, -0.25, -0.25]  Player1 score: 1374  Player2 score: 1327
player 1 weights[18, -0.25, -0.25, -0.25, -0.25, 18, -0.25, -0.25, -0.25, -0.25]  player 2 weights[-18, 18, -0.25, 1.5, -0.25, -18, -0.25, -0.25, -0.25, -0.25]  Player1 score: 1411  Player2 score: 1390
player 1 weights[-18, -0.25, 6.75, 7.5, -0.25, 17.75, -0.25, -0.25, -0.25, -0.25]  player 2 weights[-18, 18, -15.75, -0.25, -0.25, -18.25, -0.25, -0.25, -0.25, -0.25]  Player1 score: 1462  Player2 score: 1439
player 1 weights[-18, -0.25, -5.25, -0.25, -0.25, -0.25, -0.25, -0.25, -0.25, -0.25]  player 2 weights[-18, 18, -0.25, 0.0, -0.25, -0.25, -0.25, -0.25, -0.25, -0.25]  Player1 score: 1512  Player2 score: 1489
player 1 weights[18, 0.25, 0.25, 0.25, 0.25, 0.25, 0.25, 0.25, 0.25, 0.25]  player 2 weights[-18, 18, 0.25, 0.25, 0.25, 0.25, 0.25, 0.25, 0.25, 0.25]  Player1 score: 1567  Player2 score: 1534
player 1 weights[18, -0.25, -0.25, -6.125, -0.25, -0.25, -0.25, 18, -0.25, -0.25]  player 2 weights[18, -18, 18, 5.5, -0.25, -0.25, -18, -0.25, -0.25, -0.25]  Player1 score: 1612  Player2 score: 1589
player 1 weights[-18, -0.25, -0.25, -0.25, -0.25, -0.25, -0.25, -18, -0.25, -0.25]  player 2 weights[18, -18, -0.25, 0.0625, -0.25, -0.25, -0.25, -0.25, -18, -0.625]  Player1 score: 1665  Player2 score: 1636
player 1 weights[-18, -0.25, -0.25, -0.25, -0.25, -0.25, -0.25, -0.25, -0.25, -0.25]  player 2 weights[-18, 18, -0.25, -0.25, -0.25, -0.25, -0.25, -0.25, -0.25, -0.75]  Player1 score: 1710  Player2 score: 1691
player 1 weights[-18, -0.25, -0.25, -0.25, -0.25, 18, -0.25, -0.25, -0.25, -0.25]  player 2 weights[-18, 18, -0.25, -0.25, -0.25, -0.25, -0.25, -0.25, -0.25, -0.375]  Player1 score: 1758  Player2 score: 1743
player 1 weights[-18, -0.25, -0.25, -14.6875, -0.25, -0.25, -0.25, -18, -0.25, 0.25]  player 2 weights[18, -18, -0.25, -0.25, -0.25, -0.25, -18, -0.25, -0.75, -0.75]  Player1 score: 1811  Player2 score: 1790
player 1 weights[18, -0.25, -0.25, -0.25, -0.25, -0.25, -0.25, -0.25, -0.25, -0.25]  player 2 weights[18, -18, -0.25, -0.25, -0.25, 18, -0.25, -0.25, -0.25, -0.75]  Player1 score: 1856  Player2 score: 1845
player 1 weights[18, -0.25, 2.25, -18.25, -0.25, -0.25, -0.25, -0.25, -0.25, -0.25]  player 2 weights[-18, 18, -0.25, 1.0625, -0.25, -0.25, -0.25, -0.25, -0.25, -0.25]  Player1 score: 1905  Player2 score: 1896
player 1 weights[18, -0.25, -0.25, 2.625, -0.25, -0.25, -0.25, -0.25, 0.625, -0.5]  player 2 weights[-18, 18, -14.625, -0.25, -0.25, -0.25, -0.25, -18, -0.5, 0.625]  Player1 score: 1949  Player2 score: 1952
player 1 weights[18, -0.25, -0.25, -0.25, -0.25, -0.25, -0.25, -0.25, -0.25, -0.25]  player 2 weights[-18, 18, -0.25, -0.25, -0.25, -0.25, -0.25, -0.25, -0.25, -0.25]  Player1 score: 1993  Player2 score: 2008
player 1 weights[18, -0.25, -0.25, -0.25, -0.25, -0.25, -0.25, -0.25, -0.25, -0.25]  player 2 weights[-18, 18, -0.25, -0.25, -0.25, -0.25, -0.25, -0.25, -0.25, -0.75]  Player1 score: 2041  Player2 score: 2060
player 1 weights[18, -0.25, -0.25, -0.25, -0.25, -0.25, -0.25, -0.25, -0.25, -0.25]  player 2 weights[18, -18, -0.25, -0.25, -0.25, -0.25, -0.25, -0.25, -0.25, -0.25]  Player1 score: 2098  Player2 score: 2103
player 1 weights[-18, -0.25, -0.25, -0.25, -0.25, -0.25, -0.25, -0.25, 17.75, 0.625]  player 2 weights[-18, 18, -0.25, -0.25, -0.25, -0.25, -0.25, -0.25, -0.25, -0.25]  Player1 score: 2154  Player2 score: 2147
player 1 weights[18, -0.25, -0.25, 7.5, -0.25, -0.25, -0.25, -0.25, -0.25, 0.0]  player 2 weights[18, -18, -0.25, -0.75, -0.25, 18, -0.25, -0.25, -0.25, -0.25]  Player1 score: 2216  Player2 score: 2185
player 1 weights[18, -0.25, -0.25, -0.25, -0.25, -0.25, -0.25, -0.25, -0.25, -0.25]  player 2 weights[18, -18, -0.25, -0.25, -0.25, 18, -0.25, -0.25, -0.25, -0.25]  Player1 score: 2270  Player2 score: 2231
player 1 weights[-18, -0.25, -0.25, 0.0, -0.25, -0.25, -0.25, -0.25, -0.375, 0.0625]  player 2 weights[18, -18, -0.25, -0.25, -0.25, -0.25, -0.25, -0.25, -0.375, -0.4375]  Player1 score: 2323  Player2 score: 2278
player 1 weights[18, -0.25, -0.25, 4.0, -0.25, -0.25, -0.25, -0.25, -0.375, -4.875]  player 2 weights[-18, 18, -0.25, -0.25, -0.25, -0.25, -0.25, -0.25, -0.25, 0.5]  Player1 score: 2375  Player2 score: 2326
player 1 weights[-18, -0.25, 11.25, 0.0, -0.25, 17.75, -0.25, -0.25, -0.25, 0.625]  player 2 weights[18, -18, -0.75, -0.25, -18, -0.25, -0.25, -0.25, -0.25, 0.5]  Player1 score: 2421  Player2 score: 2380
player 1 weights[-18, -0.25, -1.5, -0.25, -0.25, -0.25, -0.25, -0.25, 0.5, -18.25]  player 2 weights[18, -18, -0.25, 0.0, -0.25, -0.25, -0.25, -0.25, -0.25, -0.625]  Player1 score: 2469  Player2 score: 2432
player 1 weights[-18, -0.25, -0.25, -0.25, -0.25, -0.25, -0.25, -0.25, -0.25, -0.25]  player 2 weights[18, -18, -0.25, -0.25, -0.25, -18, -0.25, -0.25, -0.25, -0.25]  Player1 score: 2515  Player2 score: 2486
player 1 weights[18, -0.25, -0.25, 2.625, 18, -0.25, -0.25, -0.25, -0.25, 0.0]  player 2 weights[-18, 18, -0.25, -0.25, -0.25, -0.25, -0.25, -0.25, -0.25, -0.75]  Player1 score: 2551  Player2 score: 2550
player 1 weights[18, -0.25, -0.25, -0.25, -18, -0.25, -0.25, -0.25, -0.25, 0.0]  player 2 weights[-18, 18, -0.25, -0.25, -0.25, -0.25, -0.25, -0.25, -0.25, 0.0]  Player1 score: 2601  Player2 score: 2600
player 1 weights[18, -0.25, -0.25, -0.25, -0.25, -0.25, 18, -0.25, -0.25, -0.25]  player 2 weights[-18, 18, -0.25, -0.25, -0.25, -0.25, -0.25, -18, -0.25, -0.25]  Player1 score: 2651  Player2 score: 2650
player 1 weights[-18, -0.25, -0.75, -0.25, -0.25, 17.25, -0.25, -0.25, -0.5, 0.0]  player 2 weights[-18, 18, -0.25, 0.0, -0.25, -0.25, -0.25, -0.25, -0.75, -0.5]  Player1 score: 2700  Player2 score: 2701
player 1 weights[-18, -0.25, -0.25, -0.25, -0.25, -0.25, -0.25, -0.25, -0.25, -0.25]  player 2 weights[-18, 18, -18, -0.25, -0.25, -0.25, -0.25, -18, -0.25, -0.25]  Player1 score: 2754  Player2 score: 2747
player 1 weights[18, -0.25, -0.25, -0.25, -0.25, -0.25, -0.25, -0.25, -0.25, -0.5]  player 2 weights[18, -18, 3.25, -0.25, -0.25, -0.25, -0.25, -0.25, -0.25, -0.5]  Player1 score: 2806  Player2 score: 2795
player 1 weights[18, -0.25, -4.625, -5.875, -0.25, 18, -0.25, -0.25, -0.25, -18.25]  player 2 weights[18, -18, -3.375, 6.75, -0.25, -0.25, -0.25, -0.25, -0.25, -0.375]  Player1 score: 2848  Player2 score: 2853
player 1 weights[-18, -0.25, -0.25, -0.25, -0.25, -0.25, -0.25, -0.25, -0.25, 17.75]  player 2 weights[18, -18, 18, -0.25, -0.25, -0.25, -0.25, -0.25, -18, -0.25]  Player1 score: 2895  Player2 score: 2906
player 1 weights[18, -0.25, -0.75, -0.25, -0.25, -0.25, -0.25, -0.25, -3.75, -0.25]  player 2 weights[18, -18, -0.25, -0.25, -0.25, -0.25, -0.25, -0.25, 6.0, -0.25]  Player1 score: 2946  Player2 score: 2955
player 1 weights[18, -0.25, -0.25, -0.25, -0.25, -0.25, -0.25, -0.25, -0.25, -0.25]  player 2 weights[18, -18, -0.25, 3.25, -0.25, -0.25, -0.25, 18, -0.25, 0.0]  Player1 score: 2994  Player2 score: 3007
player 1 weights[18, 0.25, 0.25, 0.25, 0.25, 0.25, 0.25, 0.25, 0.25, 0.0]  player 2 weights[18, -18, 0.25, 0.25, 0.25, -18, 0.25, 0.25, -0.75, 0.25]  Player1 score: 3044  Player2 score: 3057
player 1 weights[-18, -0.25, -0.25, 2.625, -0.25, -0.25, -0.25, -0.25, -0.25, -0.25]  player 2 weights[-18, 18, -0.25, -0.25, -0.25, -0.25, -0.25, -0.25, -0.25, -0.25]  Player1 score: 3098  Player2 score: 3103
player 1 weights[-18, -0.25, -0.25, -0.25, -0.25, -0.25, -0.25, -0.25, -0.25, -0.25]  player 2 weights[18, -18, -0.25, 1.5, -0.25, -0.25, -0.25, -0.25, -0.25, -0.25]  Player1 score: 3155  Player2 score: 3146
player 1 weights[-18, -0.25, -0.25, 6.75, -0.25, -0.25, -0.25, -0.25, -0.25, -0.25]  player 2 weights[18, -18, -0.25, -0.25, -0.25, -0.25, -0.25, -0.25, -0.25, 1.0]  Player1 score: 3211  Player2 score: 3190
player 1 weights[18, -0.25, -0.25, -0.25, -0.25, -18, -0.25, -0.25, -0.25, 0.0]  player 2 weights[-18, 18, -0.25, -0.25, -0.25, -0.25, -0.25, -0.25, -0.25, -0.25]  Player1 score: 3261  Player2 score: 3240
player 1 weights[18, -0.25, -0.25, -0.25, -0.25, -0.25, -0.25, -0.25, -0.25, -0.25]  player 2 weights[-18, 18, -3.375, -0.25, -0.25, -0.25, -0.25, -0.25, -0.25, -0.25]  Player1 score: 3313  Player2 score: 3288
player 1 weights[18, -0.25, -0.25, -0.25, -18, -0.25, -0.25, -0.25, -0.25, -0.25]  player 2 weights[-18, 18, -0.25, 18, -0.25, -0.25, -0.25, -0.25, -0.25, -0.25]  Player1 score: 3367  Player2 score: 3334
player 1 weights[18, -0.25, -0.25, -0.25, -0.25, -0.25, -0.25, 18, -0.25, 17.75]  player 2 weights[-18, 18, -0.25, -0.25, -0.25, -0.25, -0.25, -0.25, -0.25, -0.25]  Player1 score: 3417  Player2 score: 3384
player 1 weights[18, -0.25, -0.25, -0.25, -0.25, -0.25, -0.25, -0.25, -0.25, 0.625]  player 2 weights[-18, 18, -0.25, 0.75, -0.25, -0.25, -0.25, 18, -0.25, -0.5]  Player1 score: 3465  Player2 score: 3436
player 1 weights[-18, -0.25, 18, 18, -0.25, -0.25, -0.25, -0.25, -0.25, -0.25]  player 2 weights[-18, 18, -0.25, -0.25, -0.25, -0.25, -0.25, -0.25, -0.25, 2.25]  Player1 score: 3520  Player2 score: 3481
player 1 weights[18, -0.25, -0.25, 0.0625, -18, -0.25, -0.25, -0.25, -0.25, -0.25]  player 2 weights[18, -18, -0.25, -0.25, -0.25, -0.25, -0.25, -0.25, -0.25, -0.25]  Player1 score: 3564  Player2 score: 3537
player 1 weights[18, -0.25, -0.25, -0.25, -0.25, -0.25, -0.25, -0.25, -0.25, -0.25]  player 2 weights[18, -18, -0.25, -0.25, -0.25, -0.25, -0.25, 18, -0.25, -0.375]  Player1 score: 3602  Player2 score: 3599
player 1 weights[-18, -0.25, -0.25, -0.25, 18, -0.25, -0.25, -0.25, 18, -18.25]  player 2 weights[-18, 18, -0.25, -0.25, -0.25, -0.25, -0.25, -0.25, -0.25, -0.25]  Player1 score: 3652  Player2 score: 3649
player 1 weights[18, -0.25, -0.25, -0.25, -0.25, -0.25, -0.25, -0.25, -0.25, -0.25]  player 2 weights[-18, 18, -0.25, 18, -0.25, -0.25, -0.25, -0.25, -0.25, -0.25]  Player1 score: 3703  Player2 score: 3698
player 1 weights[-18, -0.25, -9.0, -0.25, -0.25, -0.25, -0.25, -0.25, -0.25, -0.25]  player 2 weights[-18, 18, -0.25, 1.5, -0.25, -0.25, -0.25, -0.25, -0.25, -0.25]  Player1 score: 3750  Player2 score: 3751
player 1 weights[18, -0.25, -0.25, -0.25, -0.25, 18, -0.25, -0.25, -0.25, -0.875]  player 2 weights[-18, 18, 18, -0.25, -0.25, -0.25, -0.25, -0.25, -0.25, 0.375]  Player1 score: 3803  Player2 score: 3798
player 1 weights[18, -0.25, -1.5, -0.25, -0.25, -0.25, -0.25, -18, 17.75, -0.25]  player 2 weights[-18, 18, -0.25, 0.0, -0.25, -0.25, -0.25, -0.25, -0.75, -0.25]  Player1 score: 3841  Player2 score: 3860
player 1 weights[-18, -0.25, -0.25, -0.25, -0.25, -0.25, -0.25, -0.25, -0.25, 0.0]  player 2 weights[-18, 18, 0.75, -0.25, -0.25, -18, -0.25, -0.25, -0.25, 0.625]  Player1 score: 3900  Player2 score: 3901
player 1 weights[18, -0.25, -0.25, 0.0, -0.25, 0.625, -0.25, 18, -0.5, 1.71875]  player 2 weights[18, -18, -0.75, -0.25, -0.25, -0.25, -0.25, -0.25, -0.375, -1.0]  Player1 score: 3948  Player2 score: 3953
player 1 weights[-18, -0.25, -0.25, 1.5, -0.25, -0.25, -0.25, -0.25, -0.25, 2.625]  player 2 weights[-18, 18, -3.75, -0.25, -0.25, -0.25, -0.25, -0.25, -0.25, 0.0]  Player1 score: 3996  Player2 score: 4005
player 1 weights[-18, -0.25, -0.25, -0.25, -0.25, -0.25, -0.25, -0.25, -0.25, -0.25]  player 2 weights[18, -18, -0.25, 0.375, -18, -0.25, -0.25, -0.25, -0.25, -0.25]  Player1 score: 4045  Player2 score: 4056
player 1 weights[18, -0.25, -0.25, -0.25, -0.25, -0.25, -0.25, -0.25, -0.25, -0.25]  player 2 weights[18, -18, -0.25, -0.25, -0.25, -0.25, -0.25, -0.25, 18, -0.25]  Player1 score: 4096  Player2 score: 4105
player 1 weights[-18, 0.25, 0.25, 0.25, 0.25, 0.25, 0.25, 0.25, 0.25, 0.25]  player 2 weights[-18, 18, 0.25, 0.25, 0.25, 0.25, 0.25, 0.25, 0.25, 0.25]  Player1 score: 4144  Player2 score: 4157
player 1 weights[18, -0.25, -0.25, 18, -0.25, -0.25, -0.25, -0.25, -0.25, -0.25]  player 2 weights[-18, 18, -0.25, -0.25, -0.25, 18, -0.25, -0.25, -0.25, -0.25]  Player1 score: 4203  Player2 score: 4198
player 1 weights[18, -0.25, -0.25, -0.25, -0.25, -0.25, -0.25, -0.25, -0.25, -0.25]  player 2 weights[18, -18, -0.25, -0.25, -0.25, -0.25, -0.25, -0.25, 7.75, -0.25]  Player1 score: 4254  Player2 score: 4247
player 1 weights[-18, -0.25, -4.625, -0.25, -0.25, -0.25, -0.25, -0.25, 18, -0.25]  player 2 weights[-18, 18, -0.25, 0.625, -0.25, -0.25, -0.25, -0.25, -0.25, -0.25]  Player1 score: 4310  Player2 score: 4291
player 1 weights[18, -0.25, -0.25, 0.0625, -0.25, 17.5, -0.25, -0.25, -0.25, -0.625]  player 2 weights[18, -18, 0.0, -0.25, -0.25, -0.25, -0.25, -0.25, -0.25, -0.25]  Player1 score: 4362  Player2 score: 4339
player 1 weights[18, -0.25, -0.25, -18.25, -0.25, -0.25, -0.25, -0.25, -0.25, -0.25]  player 2 weights[18, -18, -0.25, -4.5, -0.25, -0.25, -0.25, -0.25, -0.25, -0.25]  Player1 score: 4414  Player2 score: 4387
player 1 weights[18, -0.25, -0.25, -0.25, -0.25, -0.25, -0.25, -0.25, -0.25, -1.5]  player 2 weights[18, -18, -0.25, -0.25, -0.25, -0.25, -0.25, -18, 0.25, -0.25]  Player1 score: 4462  Player2 score: 4439
player 1 weights[-18, -0.25, -0.25, 2.375, -0.25, -0.25, -0.25, -18, -0.25, -0.25]  player 2 weights[18, -18, -4.625, 0.0, -0.25, -0.25, -0.25, -0.25, -0.25, -0.25]  Player1 score: 4511  Player2 score: 4490
player 1 weights[18, -0.25, 18, -0.25, -0.25, -0.25, -0.25, -0.25, -0.25, -0.25]  player 2 weights[18, -18, -0.25, -18.0, -0.25, -0.25, -0.25, -0.25, -0.25, -0.25]  Player1 score: 4566  Player2 score: 4535
player 1 weights[18, -0.25, -0.25, -0.25, -0.25, -0.25, -0.25, -0.25, -0.25, 0.625]  player 2 weights[18, -18, -0.25, -0.25, -0.25, -0.25, -0.25, 18, -0.25, 17.75]  Player1 score: 4616  Player2 score: 4585
player 1 weights[18, -0.25, -0.25, -0.25, -0.25, -0.25, -0.25, -0.25, -0.25, -0.25]  player 2 weights[18, -18, -0.25, 17.75, -0.25, -0.25, -0.25, -0.25, -0.25, -0.5]  Player1 score: 4668  Player2 score: 4633
player 1 weights[18, -0.25, -5.25, -0.25, -0.25, -0.25, -0.25, -0.25, 18, -0.25]  player 2 weights[18, -18, -0.25, 0.0, -0.25, -0.25, -0.25, -0.25, -0.25, -0.25]  Player1 score: 4712  Player2 score: 4689
player 1 weights[18, -0.25, -3.75, -0.25, -18, -0.25, -0.25, -0.25, -0.25, -0.25]  player 2 weights[-18, 18, -0.75, 1.5, -0.25, -0.25, -0.25, 18, -0.25, -0.25]  Player1 score: 4755  Player2 score: 4746
player 1 weights[18, -0.25, -0.25, -0.25, -0.25, -0.25, -0.25, -0.25, -0.25, -0.25]  player 2 weights[-18, 18, 6.75, 1.5, -0.25, -0.25, -0.25, -0.25, -0.75, -0.25]  Player1 score: 4805  Player2 score: 4796
player 1 weights[-18, -0.25, 3.75, -0.25, -0.25, -0.25, -0.25, 18, 17.75, -0.25]  player 2 weights[-18, 18, -0.25, 2.125, -0.25, 4.5625, -0.25, -0.25, 0.75, -0.25]  Player1 score: 4856  Player2 score: 4845
player 1 weights[-18, -0.25, -0.25, 18, -0.25, -0.25, -0.25, -0.25, -0.25, -0.25]  player 2 weights[18, -18, -0.25, -0.25, -0.25, -0.25, -0.25, -0.25, -0.25, -0.25]  Player1 score: 4903  Player2 score: 4898
player 1 weights[-18, -0.25, -0.25, 18, -0.25, -0.25, -0.25, -0.25, -0.25, -0.25]  player 2 weights[-18, 18, -0.25, -0.25, -0.25, -0.25, -0.25, -0.25, -0.25, -0.25]  Player1 score: 4962  Player2 score: 4939
player 1 weights[-18, -0.25, -0.25, 1.5, -0.25, -0.25, -0.25, -0.25, -0.25, -0.75]  player 2 weights[-18, 18, -9.0, -0.25, -0.25, -0.25, -0.25, 18, -0.25, -0.25]  Player1 score: 5012  Player2 score: 4989
player 1 weights[18, -0.25, -0.25, -0.25, -0.25, -0.25, -0.25, -0.25, -0.25, -0.25]  player 2 weights[-18, 18, -0.25, -0.25, -0.25, 18, -0.25, -0.25, -0.25, -18.25]  Player1 score: 5067  Player2 score: 5034
player 1 weights[-18, 0.25, 0.25, 0.25, 0.25, 0.25, 0.25, 0.25, 0.25, 0.25]  player 2 weights[-18, 18, 0.25, 0.25, 0.25, 0.25, 0.25, 0.25, 0.25, 0.25]  Player1 score: 5110  Player2 score: 5091
player 1 weights[-18, -0.25, -0.25, 1.5, -0.25, -0.25, -0.25, -0.25, -0.25, -0.25]  player 2 weights[-18, 18, -3.75, -0.25, -0.25, -0.25, -0.25, -0.25, -0.25, -0.25]  Player1 score: 5166  Player2 score: 5135
player 1 weights[18, -0.25, -0.25, -0.25, -0.25, -0.25, -0.25, -0.25, -18, -18.25]  player 2 weights[-18, 18, -0.25, -0.25, -0.25, -0.25, -0.25, -0.25, -0.25, -0.25]  Player1 score: 5223  Player2 score: 5178
player 1 weights[-18, -0.25, -0.25, -0.25, -0.25, -0.25, -0.25, -0.25, -0.25, -0.25]  player 2 weights[18, -18, -0.25, -4.5, -0.25, -0.25, -0.25, -0.25, -0.25, 0.0]  Player1 score: 5275  Player2 score: 5226
player 1 weights[-18, -0.25, -0.25, -18, -0.25, -0.25, -0.25, -0.25, -0.25, -0.25]  player 2 weights[18, -18, -0.25, 6.0, -0.25, -0.25, -0.25, -0.25, -0.25, 0.625]  Player1 score: 5327  Player2 score: 5274
player 1 weights[18, -0.25, -0.25, -0.25, -0.25, -0.25, -0.25, -0.25, -0.25, -0.25]  player 2 weights[18, -18, -0.25, -0.25, -0.25, -0.25, -0.25, -18, -0.25, -0.25]  Player1 score: 5374  Player2 score: 5327
player 1 weights[18, -0.25, -0.25, -0.5, -0.25, -0.25, -0.25, -0.25, -0.25, -0.25]  player 2 weights[-18, 18, 3.25, -17.75, -0.25, -0.25, -0.25, -0.25, -0.25, -0.375]  Player1 score: 5427  Player2 score: 5374
player 1 weights[18, -0.25, -18, -0.25, -0.25, -0.25, -0.25, -0.25, -0.25, -0.25]  player 2 weights[-18, 18, -0.25, 1.5, -0.25, -0.25, -0.25, -0.25, -0.25, -0.25]  Player1 score: 5473  Player2 score: 5428
player 1 weights[-18, -0.25, -4.625, -0.25, -0.25, -0.25, -0.25, -0.25, -0.25, -0.25]  player 2 weights[18, -18, -0.25, 0.625, -0.25, 17.75, -0.25, -0.25, -0.5, -0.25]  Player1 score: 5515  Player2 score: 5486
player 1 weights[18, -0.25, -0.25, -0.25, -0.25, -0.25, -0.25, -0.25, -0.25, -2.125]  player 2 weights[-18, 18, -0.25, -0.25, -0.25, -0.25, -0.25, 18, -0.25, -0.25]  Player1 score: 5569  Player2 score: 5532
player 1 weights[18, -0.25, -0.25, 3.25, -0.25, -0.25, -0.25, -0.25, -0.25, -18]  player 2 weights[-18, 18, -0.25, 17.75, -0.25, -0.25, -0.25, -0.25, -0.25, -0.25]  Player1 score: 5617  Player2 score: 5584
player 1 weights[-18, -0.25, -0.25, -0.25, -0.25, -0.25, -0.25, 18, -0.25, -0.5]  player 2 weights[18, -18, 16.75, 0.625, -0.25, -0.25, -0.25, -0.25, -0.5, -0.25]  Player1 score: 5675  Player2 score: 5626
player 1 weights[18, -0.25, -0.25, -0.75, -0.25, -0.25, -0.25, -0.25, -0.25, -0.25]  player 2 weights[-18, 18, -0.25, -0.25, -0.25, -0.25, -0.25, -0.25, -0.25, -0.5]  Player1 score: 5721  Player2 score: 5680
player 1 weights[18, -0.25, 5.75, 0.0, -0.25, -0.25, -0.25, -0.25, 0.0, 0.0]  player 2 weights[18, -18, -0.75, -0.25, -0.25, -0.25, -0.25, -0.25, -0.25, 0.0]  Player1 score: 5772  Player2 score: 5729
player 1 weights[18, -0.25, -0.25, -0.25, -0.25, -0.25, -0.25, -0.25, -0.25, -0.25]  player 2 weights[18, -18, 18, -0.25, -0.25, -0.25, -0.25, -0.25, -0.25, -0.25]  Player1 score: 5814  Player2 score: 5787
player 1 weights[-18, -0.25, -0.25, 12.0, 18, 17.75, -0.25, -0.25, 0.0, -0.25]  player 2 weights[18, -18, -18, -0.25, -0.25, -0.25, -0.25, -18, -0.25, -0.25]  Player1 score: 5861  Player2 score: 5840
player 1 weights[-18, -0.25, -0.25, -0.25, -0.25, -0.25, -0.25, -0.25, -0.25, 0.0]  player 2 weights[-18, 18, -0.25, 1.25, -0.25, -0.25, -0.25, -0.25, -0.25, -0.25]  Player1 score: 5902  Player2 score: 5899
player 1 weights[-18, -0.25, -0.25, 18, -0.25, -0.25, -0.25, -0.25, -0.25, -0.25]  player 2 weights[18, -18, -0.25, -0.25, -0.25, -0.25, -0.25, -0.25, 18, -0.125]  Player1 score: 5951  Player2 score: 5950
player 1 weights[-18, -0.25, -16.0, -0.25, -0.25, -0.25, -0.25, -0.25, -0.25, -0.625]  player 2 weights[18, -18, -0.25, 1.5, -0.25, -0.25, -0.25, -0.25, -0.5, -0.5]  Player1 score: 5987  Player2 score: 6014
player 1 weights[18, -0.25, -1.5, -0.25, -0.25, -0.25, -0.25, -0.25, -0.25, -0.25]  player 2 weights[18, -18, -0.25, 0.0, -0.25, -0.25, -0.25, -0.25, -0.25, -0.25]  Player1 score: 6040  Player2 score: 6061
player 1 weights[-18, -0.25, -0.25, -18.25, -0.25, -0.25, 18, -0.25, -0.25, 2.875]  player 2 weights[18, -18, 18, -0.25, -18, -0.25, -0.25, -0.25, -0.25, 1.75]  Player1 score: 6093  Player2 score: 6108
player 1 weights[-18, -0.25, -0.25, -0.25, -0.25, -0.25, -0.25, -18, -0.25, -0.25]  player 2 weights[-18, 18, -0.25, -0.25, -0.25, -0.25, -0.25, -0.25, -0.25, -0.25]  Player1 score: 6142  Player2 score: 6159
player 1 weights[-18, -0.25, -0.25, 0.0, -0.25, -0.25, -0.25, -0.25, 0.0, -0.25]  player 2 weights[-18, 18, -0.75, -0.25, -0.25, -0.25, -0.25, -0.25, -0.25, -0.25]  Player1 score: 6186  Player2 score: 6215
player 1 weights[18, -0.25, 1.5, -0.25, -0.25, -0.25, -0.25, -0.25, -0.25, 1.0]  player 2 weights[-18, 18, -0.25, -4.625, -0.25, -6.125, -0.25, -0.25, -0.25, -0.25]  Player1 score: 6245  Player2 score: 6256
player 1 weights[18, -0.25, -2.5, -0.25, -0.25, -0.25, -0.25, -0.25, -18.25, 0.0]  player 2 weights[18, -18, -0.25, 0.0, -0.25, -0.25, -0.25, -0.25, -0.25, -0.25]  Player1 score: 6294  Player2 score: 6307
player 1 weights[18, -0.25, -0.25, -8.25, -18, -0.25, -0.25, -0.25, -0.25, -0.25]  player 2 weights[18, -18, -0.25, -18.25, -0.25, -0.25, -18, -0.25, -0.25, -0.25]  Player1 score: 6340  Player2 score: 6361
player 1 weights[-18, -0.25, -0.25, 11.5, -0.25, -0.25, -0.25, -0.25, -0.25, -0.25]  player 2 weights[-18, 18, -0.25, -3.125, -0.25, -0.25, -0.25, -0.25, -0.25, -0.25]  Player1 score: 6394  Player2 score: 6407
player 1 weights[-18, -0.25, -0.25, -0.75, -0.25, -0.25, -0.25, -0.25, -0.25, -1.0]  player 2 weights[18, -18, -0.25, -6.375, -0.25, -0.25, -0.25, -0.25, -0.25, -0.25]  Player1 score: 6441  Player2 score: 6460
player 1 weights[18, -0.25, -18, -0.25, -18, -0.25, -0.25, -0.25, -0.25, -0.75]  player 2 weights[-18, 18, -0.25, 4.0, -0.25, -18.25, -0.25, -0.25, 0.0, -0.5]  Player1 score: 6495  Player2 score: 6506
player 1 weights[-18, -0.25, -18, -0.25, -0.25, -0.25, -0.25, -0.25, 0.0, -0.25]  player 2 weights[18, -18, -0.25, 2.125, -0.25, -0.25, -0.25, 18, -0.25, 0.0]  Player1 score: 6543  Player2 score: 6558
player 1 weights[18, -0.25, 6.0, -0.25, -0.25, -0.25, -0.25, -0.25, -0.25, -0.375]  player 2 weights[-18, 18, -0.25, -0.25, -0.25, -0.25, -0.25, -0.25, -0.25, -0.25]  Player1 score: 6593  Player2 score: 6608
player 1 weights[-18, -0.25, -0.75, -0.25, -0.25, -0.25, -0.25, -0.25, -0.25, 0.0]  player 2 weights[-18, 18, -0.25, 0.0, -0.25, -0.25, -0.25, -0.25, -0.25, -0.25]  Player1 score: 6642  Player2 score: 6659
player 1 weights[18, -0.25, -0.25, -0.25, -0.25, -0.25, -0.25, -0.25, -0.25, -0.25]  player 2 weights[-18, 18, -0.25, -0.25, -0.25, -0.25, -0.25, -0.25, -0.25, -0.25]  Player1 score: 6691  Player2 score: 6710
player 1 weights[-18, -0.25, -0.25, -18.25, -0.25, -0.25, -0.25, -0.25, -0.25, -3.75]  player 2 weights[18, -18, -18, -0.25, -0.25, -0.25, -0.25, -0.25, -0.25, -0.25]  Player1 score: 6741  Player2 score: 6760
player 1 weights[-18, -0.25, -0.25, -0.25, -0.25, -0.25, -0.25, -0.25, -0.25, -0.25]  player 2 weights[-18, 18, -0.25, -0.25, -0.25, -0.25, -0.25, -0.25, -0.25, -0.25]  Player1 score: 6802  Player2 score: 6799
player 1 weights[-18, -0.25, -0.75, -0.25, -0.25, -0.25, -0.25, -0.25, -0.25, -0.75]  player 2 weights[18, -18, -0.25, 0.0, -0.25, 0.625, -0.25, -0.25, 0.0, -0.25]  Player1 score: 6849  Player2 score: 6852
player 1 weights[-18, -0.25, -0.25, 6.75, -0.25, -0.25, -0.25, -0.25, -0.25, -0.25]  player 2 weights[-18, 18, 18, -0.25, -0.25, -0.25, -0.25, -0.25, -0.25, -0.25]  Player1 score: 6904  Player2 score: 6897
player 1 weights[18, -0.25, -0.25, -0.25, -0.25, -0.25, -0.25, -0.25, -0.25, -0.25]  player 2 weights[18, -18, -0.25, -0.25, -0.25, -0.25, -0.25, -0.25, -0.25, -0.25]  Player1 score: 6950  Player2 score: 6951
player 1 weights[-18, -0.25, 4.75, 0.0, -0.25, -0.25, -0.25, -0.25, 18, -0.25]  player 2 weights[18, -18, -0.25, -0.25, -18, 11.25, -0.25, -0.25, -0.25, -0.25]  Player1 score: 6993  Player2 score: 7008
player 1 weights[18, -0.25, -0.25, -0.25, -0.25, -0.25, -0.25, -0.25, -0.25, -0.25]  player 2 weights[-18, 18, -0.25, -0.25, -0.25, -0.25, -0.25, -0.25, -0.25, -0.25]  Player1 score: 7043  Player2 score: 7058
player 1 weights[18, -0.25, -0.25, -4.5, -0.25, -0.25, -0.25, -0.25, -0.25, -0.25]  player 2 weights[18, -18, 18, 8.25, -0.25, -0.25, -0.25, -0.25, 18, -0.25]  Player1 score: 7088  Player2 score: 7113
player 1 weights[-18, -0.25, -0.25, -0.25, -0.25, -0.25, 18, -0.25, -0.25, 18]  player 2 weights[-18, 18, -0.25, -0.25, -0.25, -0.25, -0.25, -0.25, -0.25, 0.0]  Player1 score: 7144  Player2 score: 7157
player 1 weights[18, -0.25, -0.25, -0.25, -0.25, -0.25, -0.25, -0.25, -0.25, -0.25]  player 2 weights[18, -18, -0.25, -0.25, -0.25, -18, -0.25, -0.25, 18, -0.25]  Player1 score: 7192  Player2 score: 7209
player 1 weights[18, -0.25, -0.25, -0.25, -0.25, -0.25, -0.25, -0.25, -0.25, -0.25]  player 2 weights[-18, 18, -0.25, -0.25, -0.25, -0.25, -0.25, -0.25, -0.25, -0.25]  Player1 score: 7239  Player2 score: 7262
player 1 weights[-18, 0.25, 0.25, 0.25, 0.25, 0.25, 0.25, 0.25, 0.25, 1.125]  player 2 weights[18, -18, 0.25, 0.25, 0.25, 0.25, 0.25, 0.25, 0.25, 2.125]  Player1 score: 7291  Player2 score: 7310
player 1 weights[-18, -0.25, 0.375, 17.75, -0.25, -0.25, -0.25, -0.25, -0.25, -0.25]  player 2 weights[18, -18, 18, 1.75, -0.25, -0.25, -0.25, -0.25, -0.25, 0.375]  Player1 score: 7349  Player2 score: 7352
player 1 weights[-18, -0.25, -0.25, 0.0, -0.25, -0.25, -0.25, -0.25, -0.25, -0.375]  player 2 weights[-18, 18, -0.25, -0.25, -0.25, 18, -0.25, -0.25, -0.25, -0.25]  Player1 score: 7402  Player2 score: 7399
player 1 weights[18, -0.25, -0.25, -0.25, -0.25, -0.25, -0.25, -18, -0.25, -0.25]  player 2 weights[-18, 18, -0.25, -0.25, -0.25, -18, -0.25, -0.25, -0.25, -0.25]  Player1 score: 7449  Player2 score: 7452
player 1 weights[18, -0.25, -0.25, -0.25, -0.25, -0.25, -0.25, -0.25, -0.25, -0.5]  player 2 weights[18, -18, -0.25, -0.25, -0.25, -0.25, -0.25, 18, -0.25, -0.25]  Player1 score: 7502  Player2 score: 7499
player 1 weights[18, -0.25, -0.25, -12.5, -0.25, -0.25, -0.25, -0.25, -0.25, -0.25]  player 2 weights[-18, 18, 18, -0.25, -0.25, -0.25, -0.25, -0.25, -0.25, -0.25]  Player1 score: 7553  Player2 score: 7548
player 1 weights[-18, -0.25, 0.75, 9.625, -0.25, -0.25, -0.25, -0.25, -0.25, -0.25]  player 2 weights[18, -18, -0.25, -0.25, -0.25, -0.25, -0.25, 18, -0.25, -0.25]  Player1 score: 7611  Player2 score: 7590
player 1 weights[-18, -0.25, -0.25, -0.25, -0.25, -18, -0.25, -0.25, -0.25, -0.25]  player 2 weights[-18, 18, -0.25, -0.25, -18, 18, -0.25, -0.25, -0.25, -0.25]  Player1 score: 7670  Player2 score: 7631
player 1 weights[-18, -0.25, -0.75, -0.25, -4.625, -8.25, -0.25, -0.25, -0.25, 0.375]  player 2 weights[-18, 18, 18, 0.0, -0.25, 0.625, -0.25, -0.25, -0.25, -0.25]  Player1 score: 7720  Player2 score: 7681
player 1 weights[-18, -0.25, -0.25, -0.25, -0.25, -0.25, -0.25, -0.25, -0.25, -0.25]  player 2 weights[18, -18, -0.25, -0.25, 18, -0.25, -0.25, -0.25, -0.25, -1.5]  Player1 score: 7769  Player2 score: 7732
player 1 weights[-18, -0.25, -18, 5.625, -0.25, -0.25, -0.25, -0.25, -0.25, -0.25]  player 2 weights[18, -18, -0.25, -0.25, -0.25, -0.25, -0.25, -0.25, -0.25, 0.375]  Player1 score: 7823  Player2 score: 7778
player 1 weights[-18, -0.25, -1.5, -0.25, -0.25, -0.25, -0.25, -0.25, -0.25, -0.25]  player 2 weights[18, -18, -0.25, 0.0, -0.25, 0.625, -0.25, -0.25, -0.25, 17.5]  Player1 score: 7873  Player2 score: 7828
player 1 weights[-18, -0.25, -0.25, -0.25, -0.25, -0.25, -0.25, -0.25, -0.25, -0.25]  player 2 weights[18, -18, -0.25, -0.25, -0.25, -0.25, -0.25, -0.25, -0.25, -0.25]  Player1 score: 7925  Player2 score: 7876
player 1 weights[18, -0.25, -0.25, 0.0, -0.25, 9.625, -0.25, -0.25, 0.0, 0.0]  player 2 weights[-18, 18, -0.75, -0.25, -0.25, -0.25, -0.25, -0.25, -0.25, 0.0]  Player1 score: 7975  Player2 score: 7926
player 1 weights[-18, -0.25, -18, -0.25, -0.25, -0.25, -0.25, -0.25, -0.25, -0.375]  player 2 weights[-18, 18, -0.25, 5.625, -0.25, -0.25, -0.25, -0.25, -0.25, -0.25]  Player1 score: 8024  Player2 score: 7977
player 1 weights[-18, -0.25, -0.25, -0.25, -0.25, -0.25, -0.25, -0.25, -0.25, -0.25]  player 2 weights[18, -18, 18, -0.25, -0.25, -0.25, -0.25, 18, -0.25, -0.25]  Player1 score: 8075  Player2 score: 8026
player 1 weights[-18, -0.25, -0.25, 17.75, -0.25, -18.25, -0.25, -0.25, -0.5, -0.4375]  player 2 weights[-18, 18, -16.0, -0.25, -0.25, -0.25, -0.25, -0.25, -0.25, -0.5]  Player1 score: 8122  Player2 score: 8079
player 1 weights[-18, -0.25, -0.25, -0.25, -0.25, -0.25, -0.25, -0.25, -0.25, -0.25]  player 2 weights[-18, 18, -0.25, -0.25, -0.25, -0.25, -0.25, -0.25, 17.75, -0.25]  Player1 score: 8170  Player2 score: 8131
player 1 weights[-18, -0.25, -0.25, -0.25, -0.25, -0.25, -0.25, -0.25, -0.25, -0.25]  player 2 weights[-18, 18, -0.25, -0.25, -0.25, -0.25, -0.25, -0.25, -0.25, -0.25]  Player1 score: 8214  Player2 score: 8187
player 1 weights[-18, -0.25, 18, -0.25, -0.25, -0.25, -0.25, -0.25, -0.25, -0.25]  player 2 weights[18, -18, -0.25, -0.25, -0.25, -0.25, -0.25, -0.25, -0.25, -0.5]  Player1 score: 8259  Player2 score: 8242
player 1 weights[18, -0.25, -14.625, -0.25, -0.25, -0.25, -0.25, -0.25, 0.0, -0.25]  player 2 weights[-18, 18, -0.25, 2.625, -0.25, -0.25, -0.25, -0.25, -0.25, 0.0]  Player1 score: 8313  Player2 score: 8288
player 1 weights[-18, 0.25, 0.25, 0.25, 0.25, 0.25, 0.25, 0.25, 0.25, 0.25]  player 2 weights[-18, 18, 0.25, 0.25, 0.25, 0.25, 0.25, 0.25, 0.25, 0.25]  Player1 score: 8372  Player2 score: 8329
player 1 weights[18, -0.25, -0.25, 0.0, -0.25, -0.25, -0.25, -0.25, -0.25, -0.25]  player 2 weights[-18, 18, -0.25, 17.75, -0.25, -0.25, -0.25, -0.25, -0.25, -0.25]  Player1 score: 8421  Player2 score: 8380
player 1 weights[18, -0.25, -0.25, -0.25, -0.25, -0.25, -0.25, -0.25, -0.25, -0.25]  player 2 weights[18, -18, -0.25, -0.25, -0.25, -0.25, -0.25, -0.25, -0.25, -0.25]  Player1 score: 8472  Player2 score: 8429
player 1 weights[18, -0.25, -0.25, -0.25, -0.25, -0.25, -0.25, -0.25, -0.25, -0.25]  player 2 weights[-18, 18, -0.25, -0.25, -0.25, -0.25, -0.25, -0.25, -0.25, 0.0]  Player1 score: 8533  Player2 score: 8468
player 1 weights[18, -0.25, -0.25, -0.25, -0.25, -0.25, -0.25, -0.25, -0.25, -0.25]  player 2 weights[18, -18, -0.25, -0.25, -0.25, -0.25, -0.25, -0.25, -0.25, -0.25]  Player1 score: 8578  Player2 score: 8523
player 1 weights[-18, -0.25, -0.25, -0.75, -0.25, -0.25, -0.25, -0.25, -0.25, -0.25]  player 2 weights[-18, 18, -18, 0.5, -0.25, -0.25, -0.25, -18, -18, 17.75]  Player1 score: 8626  Player2 score: 8575
player 1 weights[-18, -0.25, -0.25, 2.625, 18, -0.25, -0.25, -0.25, -0.25, 0.625]  player 2 weights[18, -18, -18, -0.25, -18, -0.25, -0.25, -0.25, -2.0, -0.25]  Player1 score: 8677  Player2 score: 8624
player 1 weights[-18, -0.25, -0.25, -0.25, 18, -0.25, -0.25, -18, 0.625, 0.625]  player 2 weights[18, -18, -0.25, 14.625, -0.25, -0.25, -0.25, -0.25, -0.25, 0.625]  Player1 score: 8721  Player2 score: 8680
