player 1 weights[-18, 18, -0.08578054656, -0.05525568, 0.03562779340800006, -7.289999999999999, 18, -18, -0.0681470203389439, -0.14333541225766544]  player 2 weights[-18, 18, -0.09888126997680158, -0.07363941949439999, -18, -0.4907092721454607, 18, -18, -0.10799986473860526, -0.1129290762241586]  Player1 score: 55  Player2 score: 46
player 1 weights[-18, 18, -0.0879304268113593, 7.110000000000001, 18, 18, 18, -18, -0.08667701870312784, -0.5706453604484212]  player 2 weights[18, -18, -18, -0.0896088287232, 18, -18, 18, -18, -0.1144799999224208, -0.19727799140969998]  Player1 score: 100  Player2 score: 101
player 1 weights[-18, 18, -18, -0.07045555689314652, 18, -18, 18, -18, -0.12599999995211483, -0.08999584625777013]  player 2 weights[18, -18, 0.946126796467712, -0.1215844695323431, 18, 18, -18, -18, -0.49538280198591855, 0.04106655550885355]  Player1 score: 142  Player2 score: 159
player 1 weights[-18, 18, -14.489999999999995, 0.05141606400000004, -0.09016723571858472, 14.310000000000002, 18, 18, -0.12591330054627287, -0.2073378610030377]  player 2 weights[18, -18, 1.1628916814757888, -6.426116098560003, -0.194522324115456, 11.43, -18, 18, -0.09000000069269232, -0.18009117126877017]  Player1 score: 192  Player2 score: 209
player 1 weights[18, -18, 18, -0.10272080559508759, -18, 18, 18, 18, -0.09000000000000015, -0.09711769321156268]  player 2 weights[-18, 18, -18, 14.310000000000002, 18, 18, 18, -18, -0.09000000000000022, -0.09029490936305609]  Player1 score: 246  Player2 score: 255
player 1 weights[-18, 18, 11.907863293671767, 1.0541260980303213, 18, -4.843981440000002, 18, 18, -0.08193515455173225, -0.23693759239089351]  player 2 weights[-18, 18, -0.4733856000000002, -0.09783353725361955, 13.922330803200001, -18, 18, -18, -0.08999999999984061, -0.15175175555997056]  Player1 score: 293  Player2 score: 308
player 1 weights[18, -18, 0.7074420480000003, -11.609999999999996, -18, 18, -18, -18, -0.10439999970249089, -0.14029161984000002]  player 2 weights[-18, 18, -18, 3.334150872676436, -18, 18, 18, -18, -0.08999999977833845, -0.07199667160412802]  Player1 score: 344  Player2 score: 357
player 1 weights[18, -18, -18, -18, 18, 18, 18, -18, -0.08999998070356892, -0.07199894303538532]  player 2 weights[18, -18, -18, 18, 18, -18, -18, -18, -0.08279999854731895, -0.2520000193210208]  Player1 score: 389  Player2 score: 412
player 1 weights[18, -18, -0.0743848460015445, -3.5289688319999994, -18, 18, -18, 18, -0.09032160718980065, -0.09025016785698815]  player 2 weights[-18, 18, -18, -0.14393543049888705, 18, 18, -18, 18, -0.09000000000000542, -0.0900591199871742]  Player1 score: 430  Player2 score: 471
player 1 weights[-18, 18, -0.08927679808976428, -1.8669503181154505, -18, 18, -18, -18, -0.08999999999986989, -0.09000000000689674]  player 2 weights[-18, 18, 18, -1.2371221536976091, 18, 18, 18, -18, -0.08996940277186317, -0.08275507290698157]  Player1 score: 481  Player2 score: 520
player 1 weights[18, -18, -18, -0.12019898880000002, 18, 18, -18, 18, -0.10799999999971732, 0.3420904616954087]  player 2 weights[-18, 18, -0.08972600099867079, -18, 18, -18, -18, 18, -0.1634399999613093, -0.10797637444223361]  Player1 score: 532  Player2 score: 569
player 1 weights[18, -18, -18, -15.85400789593816, -18, -18, -18, -18, 3.75336, 0.03960380211297214]  player 2 weights[-18, 18, 18, 18, -18, -18, -18, 18, 0.09000000002950757, 0.15599306418571324]  Player1 score: 576  Player2 score: 625
player 1 weights[18, -18, 18, 0.008941839735779583, -18, 18, -18, -18, -0.17784194605055786, -0.11371689554824192]  player 2 weights[-18, 18, 5.602509388800002, -0.4939536384000002, 18, 18, 18, 18, -0.039589684025425925, -0.07483906371824453]  Player1 score: 628  Player2 score: 673
player 1 weights[-18, 18, 18, -7.289999999999999, -18, 18, 18, -18, -0.09000000017214109, -0.13410010058935296]  player 2 weights[-18, 18, -18, -0.060508799999999974, 18, 18, -18, 18, -0.08999999930730768, -0.06721864260318385]  Player1 score: 675  Player2 score: 726
player 1 weights[-18, 18, -18, -18, -18, -18, -18, 18, -0.0900000002996864, -0.3293999886509289]  player 2 weights[18, -18, 18, 0.37684805792327514, -18, 18, -18, -18, -0.10008026381856579, 0.06120000380811633]  Player1 score: 726  Player2 score: 775
player 1 weights[18, -18, -18, -8.86228698477999, -18, -18, 18, -18, 0.08635746815999802, 0.07560033349827473]  player 2 weights[18, -18, -18, 18, 18, 18, 18, -18, 0.10797120000000267, 0.10601242251263998]  Player1 score: 767  Player2 score: 834
player 1 weights[18, -18, 18, -18, -18, 18, 18, 18, -0.0900000000000093, -0.08930405352489615]  player 2 weights[18, -18, 18, -18, -18, -18, 18, 18, -0.08999999999999256, -0.28155469094062785]  Player1 score: 813  Player2 score: 888
player 1 weights[-18, 18, -0.0780454526061846, 17.91, -18, -18, 18, 18, -0.2429999980371654, -0.5140108404193693]  player 2 weights[18, -18, -0.08996134529433598, 14.309999999999999, 18, 18, -18, -18, -0.08999998515659302, -0.22692623521280322]  Player1 score: 856  Player2 score: 945
player 1 weights[-18, 18, 18, -0.09154168614605468, -18, 18, 18, -18, -0.1156204800079455, -0.2698156799999999]  player 2 weights[18, -18, -0.08999123203195744, 18, -18, 18, 18, 18, -0.16200000000001702, -0.1914112100956754]  Player1 score: 902  Player2 score: 999
player 1 weights[18, -18, -0.089704877341148, -0.02878395686747827, 18, 18, 18, -18, -18.09, -0.11566448654658035]  player 2 weights[18, -18, -0.08999914474019306, -0.049174640959514807, -18, -18, 18, 18, -0.1530008448592382, -0.08498921154588705]  Player1 score: 955  Player2 score: 1046
player 1 weights[18, -18, 0.49982400000000027, 5.670000000000002, 18, 18, -18, -18, -0.15582239999920078, -0.3070866262120229]  player 2 weights[18, -18, -0.24461882265600007, -2.642751010325771, 18, -18, 18, -18, -0.19007999999992445, -0.20274480335297718]  Player1 score: 1009  Player2 score: 1092
player 1 weights[18, -18, -18, -0.06780585046314463, 18, 18, -18, 18, 14.309999999999999, 0.04679999998229378]  player 2 weights[18, -18, -0.13534296413131439, -18.09, 18, 4.741838208000006, -18, -18, 0.046808806210127896, -0.09010891825415404]  Player1 score: 1051  Player2 score: 1150
player 1 weights[18, -18, -18, 0.07743722065919997, -18, -18, 18, -18, 0.09000660602880002, -0.10457323345525985]  player 2 weights[-18, 18, 0.9762813850687492, 0.21268339199999997, 18, -18, -18, 18, 0.08953409795782247, 0.1522324215037228]  Player1 score: 1096  Player2 score: 1205
player 1 weights[-18, 18, -0.08748744413184, -5.850000000000003, -18, 18, 18, -18, -0.026999999999977223, -0.08279999981792087]  player 2 weights[18, -18, -11.609999999999996, -2.394000000000001, 18, 18, -18, 18, -0.03599879204052259, -0.15804010566182608]  Player1 score: 1140  Player2 score: 1261
player 1 weights[-18, 18, -18, 18, -18, -18, 18, 18, 0.08926877405883238, 0.02227414255839419]  player 2 weights[-18, 18, 18, -18, 18, -18, -18, 18, 0.17021013058684017, 0.2699999998089052]  Player1 score: 1193  Player2 score: 1308
player 1 weights[18, -18, 18, -18, 18, -18, -18, -18, -0.07761413459313027, -0.34482798720347574]  player 2 weights[18, -18, 18, 18, 18, 18, -18, -18, -0.09000000101197962, -0.1260102787853821]  Player1 score: 1243  Player2 score: 1358
player 1 weights[18, -18, -0.0932256173241391, 18, 18, 18, -18, -18, -0.10440000004701946, -0.19525005985868113]  player 2 weights[-18, 18, 18, -0.045585504376625105, -18, 18, 18, 18, -0.08999999134134593, -0.34053120000001136]  Player1 score: 1288  Player2 score: 1413
player 1 weights[18, -18, -0.08190754427524494, -12.815999999999999, 18, -0.11949120000000002, 18, -18, -0.09001651507205671, -0.3564034568464849]  player 2 weights[-18, 18, -1.3524450047999996, 0.40309289987087327, 0.39318382080000014, -0.14898240000000001, -18, -18, -0.1363941573041873, -0.1531445070551481]  Player1 score: 1340  Player2 score: 1461
player 1 weights[-18, 18, -18, 18, -18, -18, -18, 18, 0.026998535837996204, 2.9883438473745505]  player 2 weights[18, -18, 0.07260748526718809, -18, 18, 18, -18, -18, 0.089999010439535, 0.039603302945130744]  Player1 score: 1384  Player2 score: 1517
player 1 weights[18, -18, -4.9114656, -0.264573206163551, 18, -18, -18, -18, -0.09000000000384496, 17.91]  player 2 weights[-18, 18, -0.057978469152272345, 0.5480073683000412, -18, -18, -18, -18, -0.20432233858101764, -0.6563664000851701]  Player1 score: 1434  Player2 score: 1567
player 1 weights[18, -18, -0.29064952123283055, -0.08120749918106421, 18, -18, -18, -18, -0.09101375972274836, -0.26924682757652985]  player 2 weights[18, -18, 18, -0.10851601085957092, -18, -18, -18, 18, -0.08999999997901179, -0.25559994493163174]  Player1 score: 1481  Player2 score: 1620
player 1 weights[-18, 18, 18, 18, 18, 18, 18, 18, -0.08999999999999256, 0.007199999997616724]  player 2 weights[18, -18, 18, -18, 18, -18, -18, 18, -0.12027456006542292, -0.026999999994794605]  Player1 score: 1534  Player2 score: 1667
player 1 weights[18, -18, -18, 18, -18, 18, -18, 18, 2.68356917943502, -0.09000000000087387]  player 2 weights[-18, 18, 18, 0.12057555884527582, -18, 18, 18, 18, -0.08998217867508283, -0.08999999999617245]  Player1 score: 1580  Player2 score: 1721
player 1 weights[18, -18, -14.489999999999995, -5.1912, -0.7102872299520001, -14.489999999999995, -18, 18, -0.1799999907212182, -0.2720698497069107]  player 2 weights[18, -18, -0.11980823040000002, -0.23135293513727967, 18, 0.8316000000000003, -18, 18, -0.11520000000031777, -0.23068352408552525]  Player1 score: 1627  Player2 score: 1774
player 1 weights[-18, 18, -18, 0.014237795304712532, 18, 18, -18, -18, 0.09322559999996659, -0.06304995792461496]  player 2 weights[-18, 18, 2.4871144554686775, -18, 18, -18, 18, 18, 0.17006399205565026, -0.15381015733926603]  Player1 score: 1681  Player2 score: 1820
player 1 weights[-18, 18, -18, -0.0815421064701967, -18, 18, -18, -18, -0.09000072477573096, -0.6300131804472502]  player 2 weights[-18, 18, -18, -1.5678365310706213, -18, 18, -18, -18, -0.09000000012159798, -0.6084720000001784]  Player1 score: 1729  Player2 score: 1872
player 1 weights[18, -18, -18, -0.09000099019023709, -18, 18, 18, 18, -0.0669584899445619, -0.15840000000024246]  player 2 weights[18, -18, -18, 18, 18, 18, 18, -18, -0.08999999406283196, -0.2879999999999998]  Player1 score: 1777  Player2 score: 1924
player 1 weights[18, -18, 18, -18, 18, 18, 18, 18, -0.08995051758870211, -0.07688971151491547]  player 2 weights[18, -18, 18, -0.08979417142328033, -18, 18, -18, 18, -0.09000188743679961, -0.09000000000155646]  Player1 score: 1825  Player2 score: 1976
player 1 weights[18, -18, -14.728938163199993, 1.9159199999999998, -18, 18, 18, 18, -0.09150764378501318, -0.5713211530215514]  player 2 weights[18, -18, -0.08990788429987813, -1.4295456000000004, 18, -18, -18, -18, -0.17999214823000043, -0.10433636710671969]  Player1 score: 1873  Player2 score: 2028
player 1 weights[18, -18, -3.3812087040000005, -12.753, 18, -3.73617617375232, 18, 18, -0.16992010104114108, -0.09000006211251732]  player 2 weights[-18, 18, -0.08194491031191707, 7.110000000000001, -18, -18, 18, 18, -0.08999999998442008, -0.10807679132093864]  Player1 score: 1918  Player2 score: 2083
player 1 weights[18, -18, -4.698, 17.91, 18, 18, 18, -18, -0.18403199992241845, -0.1628681234582205]  player 2 weights[-18, 18, -1.0115999999999998, -7.290000000000001, -18, 1.797436800000001, 18, -18, -0.17999999999992394, -0.26226576620220066]  Player1 score: 1966  Player2 score: 2135
player 1 weights[-18, 18, -0.08923789272979066, 0.13545077759999985, -18, 18, 18, -18, -0.18576343060512768, -0.20486996947721772]  player 2 weights[-18, 18, -5.986269829038016, -0.0827990109831168, 18, -18, 18, -18, -0.15299999656900826, -0.295631275498743]  Player1 score: 2011  Player2 score: 2190
player 1 weights[-18, 18, 4.739759999999997, -0.09000241981564926, -18, 18, -18, 18, -0.09156678782732004, -0.27008458050462303]  player 2 weights[18, -18, -0.0965351565892843, -0.09033557597996175, 18, -18, 18, -18, -1.0234857027820052, -0.3116494244858935]  Player1 score: 2058  Player2 score: 2243
player 1 weights[18, -18, -0.176607209299968, 1.368, -0.08999999838153926, -1.2420000000000002, -18, 18, -0.2167372774837488, -0.15302906709345387]  player 2 weights[-18, 18, 1.7387999999999995, -0.10405439999999999, 0.18758528299007993, 0.36504000000000025, 18, -18, -0.08999999991131911, -0.2768864014832368]  Player1 score: 2106  Player2 score: 2295
player 1 weights[-18, 18, -0.09028123401589101, -0.1807517887586052, -18, 18, -18, -18, -0.08998940007766226, -0.26712783946978513]  player 2 weights[-18, 18, 0.9527894670514327, -0.0919145359507214, 18, 18, -18, 18, -0.09051614396732038, -0.47187216]  Player1 score: 2157  Player2 score: 2344
player 1 weights[-18, 18, 0.4344617009484505, 0.0899994987378816, -18, -18, 18, 18, 0.08999990336323585, 0.10799330312432039]  player 2 weights[18, -18, 0.03434394178028584, 0.08999201569755466, 18, -18, -18, 18, 0.08999999999999735, 0.018805007051761302]  Player1 score: 2206  Player2 score: 2395
player 1 weights[18, -18, -0.055577982431880835, -0.0887363610624, -18, 18, -18, 18, -0.09000377536431191, -0.25531237763971104]  player 2 weights[-18, 18, -0.08541686332325583, -0.18870336, -18, -18, -18, 18, -0.15299999134134593, -0.07324853760730031]  Player1 score: 2252  Player2 score: 2449
player 1 weights[18, -18, 2.598567352568338, -0.08648410569117855, 18, -18, -18, -18, -0.09000000000000007, -0.0720000136560829]  player 2 weights[-18, 18, -0.08999946562088261, -7.289999999999999, 18, -18, 18, -18, -0.09230399998440195, -0.22053674062249873]  Player1 score: 2292  Player2 score: 2509
player 1 weights[-18, 18, -6.469536384, -0.09010881876944987, -18, 18, 18, -18, -0.09000035175791823, -0.22320000080835536]  player 2 weights[-18, 18, -8.006977041081527, 1.4435424000000001, 18, 18, -18, -18, -0.1509030397346144, -0.17618410434278664]  Player1 score: 2331  Player2 score: 2570
player 1 weights[18, -18, -0.0006864905386413794, -0.15048645119999995, -18, -18, -18, 18, -0.09000000003642944, -0.15300524877288485]  player 2 weights[18, -18, -0.08984732123829117, -0.090385484942505, -18, 18, 18, -18, -0.09010321920053313, -0.29339999999969757]  Player1 score: 2379  Player2 score: 2622
player 1 weights[-18, 18, 0.5990616807688758, -0.17850891089698176, 19.079280000000004, 2.3636678400000015, 18, -18, -0.11853058977144798, -0.09000940700917039]  player 2 weights[-18, 18, -0.14898240000000001, -0.04176456430360927, 0.0018542184326627228, -15.665040000000005, 18, -18, -1.3707060820559887, -0.11881474560003974]  Player1 score: 2433  Player2 score: 2668
player 1 weights[-18, 18, -0.08985875142002625, -0.09039969860816935, -18, 18, -18, -18, 11.43, -0.10285375657658735]  player 2 weights[-18, 18, -0.089207373012044, -0.08981795647879504, -18, 18, 18, -18, -0.0900001449551463, -0.09024169591312996]  Player1 score: 2473  Player2 score: 2728
player 1 weights[18, -18, 18, 18, 18, 18, -18, -18, -0.10439999999979208, -0.19356719080899176]  player 2 weights[-18, 18, 18, -18, 18, -18, 18, 18, -0.09001836476005383, -0.1619999999964431]  Player1 score: 2522  Player2 score: 2779
player 1 weights[-18, 18, -18, -0.016271999999999925, -18, 18, 18, 18, -0.0899999999996281, -0.18004822399910084]  player 2 weights[-18, 18, -0.3315919104000001, -0.11753549154683268, 18, 18, -18, -18, -0.09576000291740391, -0.1001414484030794]  Player1 score: 2571  Player2 score: 2830
player 1 weights[-18, 18, 18, -18.09, -18, 18, 18, -18, -0.0900000000748023, -0.564000301860575]  player 2 weights[-18, 18, -18, 17.91, 18, 18, 18, -18, -0.06669630144707006, -0.09000429841973658]  Player1 score: 2615  Player2 score: 2886
player 1 weights[18, -18, -0.09000001074589833, 7.074000000000002, 18, -18, -18, 18, -0.11879999821419804, -0.24304874299797888]  player 2 weights[18, -18, -12.145679999999992, -0.5565599999999999, 18, -18, -18, -18, -0.1296000063871987, -0.18110590494630557]  Player1 score: 2653  Player2 score: 2948
player 1 weights[-18, 18, 0.0019609386806557537, 0.10107880103116798, 18, 18, 18, -18, 0.0799198306597226, 0.11343583086206854]  player 2 weights[-18, 18, -0.9983010591918032, 0.09170132238813587, -18, -18, -18, -18, 0.09883677388131532, -0.06623999999956284]  Player1 score: 2705  Player2 score: 2996
player 1 weights[18, -18, 0.20030400005232274, 4.051955232826963, -3.9238560000000007, 2.2140000000000004, -18, -18, -0.18719953098683073, -0.10186953702085817]  player 2 weights[-18, 18, -0.5601406171978844, -0.18712664738286533, -18, -12.070800000000006, 18, -18, -0.09645120022166154, -0.19799999999881307]  Player1 score: 2750  Player2 score: 3051
player 1 weights[18, -18, 14.310000000000002, -0.023588677236857203, -0.09039582418599937, -7.289999999999999, 18, 18, -0.08528140799999999, 0.05399974271427915]  player 2 weights[18, -18, -0.20796480000000006, -18.09, -18, 2.79, 18, -18, -1.249946884731992, -0.08322769556517164]  Player1 score: 2805  Player2 score: 3096
player 1 weights[-18, 18, 0.08990364390397733, 17.06105765318759, 18, -18, 18, 18, 0.08999999999033, 0.0901843447390116]  player 2 weights[18, -18, 0.08996111720134756, 8.51770831042913, 18, -18, -18, -18, 0.08999999997405436, 0.08991744226047071]  Player1 score: 2856  Player2 score: 3145
player 1 weights[18, -18, 12.370032000000005, -0.19052717885517048, 18, 18, 18, -18, -0.027215999993514775, -0.6900480000000002]  player 2 weights[18, -18, -18, -0.3851844429331168, -18, 18, -18, -18, -0.26999980672633883, -5.466702002362394]  Player1 score: 2909  Player2 score: 3192
player 1 weights[-18, 18, 4.817335680000001, -0.09017059675305171, 18, -18, -18, -18, -0.09345600000000032, -0.08836371025919999]  player 2 weights[18, -18, -0.0900000027200831, 0.05745600000000009, 18, 18, -18, -18, -0.09000000000011284, -0.20771637361050688]  Player1 score: 2958  Player2 score: 3243
player 1 weights[-18, 18, 18, -18.09, 0.5381389670400003, -18.09, 18, -18, -1.2516480000000005, -0.1727590558333188]  player 2 weights[-18, 18, -1.6147044664979706, -14.489999999999998, -18, 17.91, -18, 18, -0.09000350059140502, -0.07200074709310104]  Player1 score: 3007  Player2 score: 3294
player 1 weights[-18, 18, -0.49360612850730917, 17.91, -18, -18, -18, 18, -0.039600000015380984, -0.34495199999929643]  player 2 weights[18, -18, -18, -0.16359433321739508, -18, 18, 18, -18, -0.10439245035441322, -0.14040007731807494]  Player1 score: 3066  Player2 score: 3335
player 1 weights[18, -18, -16.577424145720663, -0.5374017938794258, 18, -18, -18, -18, -0.1043999913413079, -0.369000835221889]  player 2 weights[-18, 18, -0.09057557435680509, -0.5794999760622312, 18, 18, -18, -18, -0.09575999999962756, -0.46645617624247626]  Player1 score: 3122  Player2 score: 3379
player 1 weights[18, -18, -2.4499769886696408, 4.924799999999999, -18, 1.1368339200000004, -18, 18, -0.08410175998806915, -0.08279398228202599]  player 2 weights[18, -18, -0.09039761000320204, -0.10296742809600001, -18, 18, -18, -18, -0.090000603979776, -0.17902050649692183]  Player1 score: 3173  Player2 score: 3428
player 1 weights[18, -18, -11.699999999999994, -0.04952746367035636, 18, -18, 18, -18, -0.09000256691404798, -0.09000000003333787]  player 2 weights[-18, 18, -0.09003435134991107, -0.5478330166758602, -18, 18, -18, -18, -0.08998885851066668, -0.33117742187803967]  Player1 score: 3222  Player2 score: 3479
player 1 weights[-18, 18, -0.08980145063006086, 7.110000000000001, -18, 18, -18, -18, -0.09064512069269232, -0.09010027118909839]  player 2 weights[-18, 18, -18, -0.092285568, -18, 18, -18, 18, -0.08999999998493753, -0.14039998726845124]  Player1 score: 3275  Player2 score: 3526
player 1 weights[18, -18, 0.013656956313599899, 0.0989446591769586, -18, -18, 18, 18, 0.09001111958368294, 0.0899977433999722]  player 2 weights[18, -18, 9.647209244919402, 1.8385821175117378, 18, -18, -18, -18, 0.09000000000006092, 0.09047462220586415]  Player1 score: 3329  Player2 score: 3572
player 1 weights[18, -18, -18, 0.7708312118476798, 18, 18, -18, -18, -0.09227450879999852, 0.1539941213889291]  player 2 weights[-18, 18, -18, 18, -18, -18, 18, 18, -2.9700000000000006, -0.14555486713076446]  Player1 score: 3380  Player2 score: 3621
player 1 weights[-18, 18, -0.08864120978649906, -0.8013604148024283, 18, -18, -18, -18, -0.075600000000095, 4.906610904270581e-06]  player 2 weights[-18, 18, -3.2228761293889123, -3.7764000000000024, -18, 18, -18, -18, 0.02324576488322122, -0.00889347352987395]  Player1 score: 3423  Player2 score: 3678
player 1 weights[-18, 18, -0.0900253758896393, 7.110000000000001, -18, -18, 18, 18, -0.1279464192, -0.3968351999980352]  player 2 weights[18, -18, -0.24335424000000003, -0.07200403169531343, 18, 18, -18, 18, -0.0964351894357523, -0.3344260620611727]  Player1 score: 3470  Player2 score: 3731
player 1 weights[-18, 18, 0.4213030779155129, -0.05074925367765373, 18, 18, 18, -18, -0.0899996617713253, -0.09242358681599999]  player 2 weights[18, -18, 5.306755505249329, -0.028800475365718697, -18, 18, 18, -18, -0.03715171946434517, -0.045900009601583795]  Player1 score: 3522  Player2 score: 3779
player 1 weights[18, -18, 18, 0.36504000000000036, -18, 18, -18, -18, -1.0431855373767496, -0.2246401894074739]  player 2 weights[18, -18, 3.7139039999999985, -1.3106997503999995, 18, -18, -18, 18, -0.09521404416010375, -0.08987920404895185]  Player1 score: 3575  Player2 score: 3826
player 1 weights[18, -18, -0.09003216071511244, -0.08847730508514509, 18, -18, 18, 18, -0.08999244143898588, -0.09000598427192542]  player 2 weights[18, -18, -0.0899905393104993, -0.07792012846708388, -18, -18, -18, -18, -0.16577868499657678, -0.2855495948568897]  Player1 score: 3625  Player2 score: 3876
player 1 weights[-18, 18, 18, 18, 18, 18, -18, 18, -0.09206804930343053, -0.16177705559814143]  player 2 weights[-18, 18, 18, -0.2206529051443199, -18, 18, -18, -18, -0.06267456000035361, -0.04753017215923003]  Player1 score: 3667  Player2 score: 3934
player 1 weights[-18, 18, 2.8591200000000003, -0.21966912000000008, -18, -18, -18, -18, -0.08999999999999653, -0.07733546750399475]  player 2 weights[18, -18, -0.09000000000077439, -0.08765809673624614, -18, 18, 18, -18, -0.09000000000019098, -0.052303058337312996]  Player1 score: 3708  Player2 score: 3993
player 1 weights[18, -18, -1.309045953884182, -0.11359296000000002, 18, -18, 18, -18, -0.08999998757374882, -0.0923040000023877]  player 2 weights[18, -18, -0.28395370771134737, 0.06365954449981434, -18, -0.18663676416000013, 18, -18, -0.09000000013173028, -0.34325204992114866]  Player1 score: 3755  Player2 score: 4046
player 1 weights[-18, 18, 2.68848, -0.10630402559999999, 18, 18, 18, -18, -0.09025804938642876, -0.2988235250122752]  player 2 weights[-18, 18, -0.08997897890483282, 3.2913, -18, 18, 18, -18, -0.09044387794944003, -0.3369827082245748]  Player1 score: 3797  Player2 score: 4104
player 1 weights[-18, 18, 14.31, -9.8712, -18, 18, -18, 18, -0.08999999152293106, -0.11016]  player 2 weights[-18, 18, -0.046100505599999994, 17.91, -18, -18, 18, -18, -0.08998742562426905, -3.979288020046038]  Player1 score: 3849  Player2 score: 4152
player 1 weights[-18, 18, -18, -4.294934485976681, -18, 18, -18, 18, 0.08999999999999335, -0.035370154129489906]  player 2 weights[-18, 18, 18, 18, 18, 18, -18, -18, 0.08999999999745642, 0.018188564891944578]  Player1 score: 3897  Player2 score: 4204
player 1 weights[-18, 18, 18, 18, 18, -18, -18, 18, 0.10800000000295135, 0.025901049572577287]  player 2 weights[-18, 18, -18, -18, -18, 18, 18, 18, 0.06479999612092298, 0.10799905582432319]  Player1 score: 3951  Player2 score: 4250
player 1 weights[18, -18, -18, 1.3683051351324664, 18, 18, -18, 18, -0.08999999996453414, -0.25970966035372856]  player 2 weights[18, -18, -18, -18, -18, 18, -18, -18, -0.017984674023123384, -0.15300001162187546]  Player1 score: 4003  Player2 score: 4298
player 1 weights[-18, 18, -14.489999999999995, 0.12970399703039953, -18, 18, 18, 18, -0.08999999999997926, -0.07199999998428465]  player 2 weights[-18, 18, -0.08245025279999998, 4.093721898380626, -18, 18, 18, 18, -0.08999999999918493, -0.07481318383968137]  Player1 score: 4061  Player2 score: 4340
player 1 weights[-18, 18, 18, -0.0890030105837568, 18, -18, 18, 18, -0.0900000000152043, -0.15307536425326096]  player 2 weights[18, -18, -0.09006838019571553, -0.48841868984352743, -18, -18, -18, 18, -0.07747176959999998, -0.08365046840531291]  Player1 score: 4106  Player2 score: 4395
player 1 weights[-18, 18, -0.2720261457758482, 2.811078835200001, 18, 18, -18, 18, -0.044428430383010704, -0.08879502601741711]  player 2 weights[-18, 18, 18, -0.2636639216331155, 18, 18, -18, -18, -0.0899999999984892, -0.10800003441027439]  Player1 score: 4153  Player2 score: 4448
player 1 weights[18, -18, -0.09000660708696204, -0.012004784971776004, 18, 18, -18, -18, -0.2429999090189323, 1.1161978252326759]  player 2 weights[18, -18, -0.09003146802278696, 0.5015520000000002, -18, 18, -18, -18, -14.489999999999998, -0.016012213375335482]  Player1 score: 4203  Player2 score: 4498
player 1 weights[-18, 18, 4.739759999999997, 0.4932000000000002, -18, 18, -18, -18, -0.11519999972290759, -0.11700000000007181]  player 2 weights[-18, 18, -0.08400959301279942, -0.07602593542491967, 18, -18, 18, 18, -0.1043999997229261, -0.16576020896619834]  Player1 score: 4243  Player2 score: 4558
player 1 weights[-18, 18, 18, -0.08852773267986355, -18, 18, -18, -18, -0.16199999999999903, -0.15335999999872682]  player 2 weights[18, -18, 3.7586016000000004, 2.2255199999999995, 18, 18, 18, -18, -0.0899849005056, -0.2701816093167022]  Player1 score: 4300  Player2 score: 4601
player 1 weights[-18, 18, 0.2798944335625593, -0.017703891768360958, -18, 18, -18, -18, -0.1303200019395385, -0.25167562759366613]  player 2 weights[18, -18, 0.07381365701576276, -0.08410345543759588, -18, -18, 18, -18, -0.0900000000009212, -0.1353678757389775]  Player1 score: 4344  Player2 score: 4657
player 1 weights[-18, 18, 18, 0.19275398774297103, 18, 18, 18, 18, -0.09457435494419458, -0.07200929972585263]  player 2 weights[18, -18, -0.1129561157826953, -18, 18, 18, 18, 18, -0.0899258413432856, -0.17280684007228048]  Player1 score: 4392  Player2 score: 4709
player 1 weights[18, -18, 18, -0.2756908799999997, -18, -18, 18, -18, 0.11015996969471083, 0.08887961694417412]  player 2 weights[18, -18, -18, 18, -18, 18, 18, 18, 19.259280000000004, 0.08314648413961229]  Player1 score: 4435  Player2 score: 4766
player 1 weights[18, -18, 18, -1.1743358423211452, 18, 18, 18, 18, -0.09402378738499584, -0.13590000000114882]  player 2 weights[-18, 18, -18, -18, -18, -18, -18, 18, -0.13607999999999926, -0.16623000156981396]  Player1 score: 4482  Player2 score: 4819
player 1 weights[-18, 18, -0.09011475596493033, -18.09, -18, -18, -18, -18, -0.09000110830766721, -0.28800001600656366]  player 2 weights[18, -18, 18, -5.142756360675399, 18, 18, 18, 18, -0.179998605028982, -0.09013212059102349]  Player1 score: 4532  Player2 score: 4869
player 1 weights[-18, 18, -0.598139298776679, 18, 18, 18, 18, 18, -0.08539220621198104, -0.09006801464338234]  player 2 weights[18, -18, 10.51026215307412, -18, 18, 18, 18, -18, -0.09000007782220157, -0.08456262144165497]  Player1 score: 4586  Player2 score: 4915
player 1 weights[-18, 18, 0.49092465035729266, -0.3196300023028021, 18, -18, -18, 18, -0.08953919995787432, -0.30600000667850363]  player 2 weights[18, -18, 18, -0.08817338841495344, -18, 18, -18, 18, -0.09323387821744278, -0.07209216]  Player1 score: 4638  Player2 score: 4963
player 1 weights[-18, 18, -18, -18, 18, 18, 18, -18, -0.08999999999981842, -0.07005601968356512]  player 2 weights[-18, 18, -18, 16.19799606347801, 18, -18, 18, -18, -0.10148696988777739, -0.021959998503646022]  Player1 score: 4683  Player2 score: 5018
player 1 weights[-18, 18, 2.2788103778461033, 7.289999999999999, -18, 18, -18, 18, 0.08981839861013745, 0.3207686400037778]  player 2 weights[-18, 18, -18, 0.21973845865176858, -18, 18, 18, 18, 0.16776092485213825, 0.10236702021309532]  Player1 score: 4747  Player2 score: 5054
player 1 weights[18, -18, 18, 3.0188820124385294, -18, -18, -18, 18, -0.0899999999999657, -0.08280653468448176]  player 2 weights[-18, 18, 18, -18, 18, -18, -18, 18, -0.09000057231384109, -0.07200579652260883]  Player1 score: 4802  Player2 score: 5099
player 1 weights[18, -18, -18, 0.47338560000000024, 18, -18, -18, -18, 0.08787607183421631, 0.09000273890282334]  player 2 weights[18, -18, -9.724671360000002, 18, 18, -18, 18, -18, 0.0900000000198022, 0.06550584151641638]  Player1 score: 4857  Player2 score: 5144
player 1 weights[-18, 18, -0.3467763394559999, -0.11087354105856, -18, -18, 18, 18, -0.23323762114757193, -0.074447998004945]  player 2 weights[-18, 18, 18, -0.029615450368933947, -18, 18, -18, -18, -0.09000000021279489, 0.26924075963939154]  Player1 score: 4893  Player2 score: 5208
player 1 weights[18, -18, -0.8725216020479996, -0.05082463028709164, 18, -18, -18, 18, -0.05877471744027919, -0.02880000001820196]  player 2 weights[-18, 18, 1.5640111001034573, -0.0518068690769019, 18, -5.8937325447970155, -18, 18, -0.09012830524734838, -0.11002743705600897]  Player1 score: 4940  Player2 score: 5261
player 1 weights[18, -18, -0.08999999998739174, -0.09439383559762195, 18, 18, 18, 18, -0.08999447981158637, -0.17794024467746017]  player 2 weights[18, -18, -18, -0.07410239999999998, 18, 18, -18, -18, -0.15300000001418634, -0.09000057788784967]  Player1 score: 4989  Player2 score: 5312
player 1 weights[18, -18, 18, 18, -18, -18, -18, 18, 0.2916285818885359, -0.02700000007762418]  player 2 weights[18, -18, 18, -0.14527799872310695, -18, -18, -18, -18, -0.09322598539686204, -0.5629761056364834]  Player1 score: 5041  Player2 score: 5360
player 1 weights[18, -18, -0.09000028812632155, -0.0013572334454491075, -18, 18, -18, 18, -0.10260748742036853, -0.1547855685669874]  player 2 weights[-18, 18, -0.4970772872822985, -0.01931471110434943, -18, -18, -18, -18, -0.2638569665940874, -0.11592055560340299]  Player1 score: 5088  Player2 score: 5413
player 1 weights[18, -18, -0.09006485183463411, -18, 18, -18, -18, -18, 2.79, -0.024983925469210966]  player 2 weights[-18, 18, 18, 14.471280000000007, 18, -18, 18, -18, -0.0899995772141568, -0.08999926013740048]  Player1 score: 5128  Player2 score: 5473
player 1 weights[18, -18, -0.20187989148481955, -7.290000000000001, 18, 18, -18, 18, -0.0923961598496567, 0.017999622512057112]  player 2 weights[18, -18, 0.6472800000000003, -1.2292580204208843, 18, -6.469536383999998, 18, 18, -0.05399528032886547, -0.006100571754918446]  Player1 score: 5175  Player2 score: 5526
player 1 weights[18, -18, -1.3118427906048, -0.21487982367144387, -18, 18, 18, -18, -0.08999999999985472, -0.08999998067270575]  player 2 weights[-18, 18, 0.15480327423595858, -4.101840000000001, 18, 18, -18, -18, -0.09419104981323098, -0.15285549310576974]  Player1 score: 5228  Player2 score: 5573
player 1 weights[-18, 18, -0.08698010111999999, -0.1305232128, 18, -18, -18, -18, -0.06840000000270202, -0.10569600000048639]  player 2 weights[18, -18, -0.2316585725529292, -7.685950233600003, -18, 18, -18, 18, -0.09000568483025613, -0.024872013051757152]  Player1 score: 5286  Player2 score: 5615
player 1 weights[18, -18, 18, -0.11252804314253488, -18, -18, 18, -18, -0.06696082141249536, -0.26279999967575796]  player 2 weights[-18, 18, -18, -0.06804482755551546, -18, 18, -18, -18, -0.032399102888546846, -0.026688997225511407]  Player1 score: 5336  Player2 score: 5665
player 1 weights[18, -18, -18.810000000000002, 14.309999999999999, -18, -18, 18, -18, -0.02880000000040342, -0.15300000870298638]  player 2 weights[18, -18, -0.058102318079999965, -18.09, 18, -18, 18, 18, -0.0900000027707693, 0.06300000436605649]  Player1 score: 5391  Player2 score: 5710
player 1 weights[-18, 18, 18, 17.91, 18, -18, -18, 18, -0.0982243580504186, -0.10152000017192489]  player 2 weights[-18, 18, 18, -0.6971757274681436, 18, 18, -18, 18, -0.11878641045500349, -0.09000003092370037]  Player1 score: 5439  Player2 score: 5762
player 1 weights[18, -18, 18, -0.2176730411288596, -18, -18, -18, -18, 11.43, -3.355696372144482]  player 2 weights[-18, 18, 18, -0.07615283350634494, 18, 18, -18, -18, -0.14040000000028224, -18.09]  Player1 score: 5486  Player2 score: 5815
player 1 weights[-18, 18, 18, -0.08013145442647714, -18, 18, 18, -18, -0.09000024226686978, -0.027000000018151254]  player 2 weights[18, -18, -0.046986237337100126, 1.4565599999999992, 18, -18, 18, -18, -0.06480143402181868, -0.11215733506988826]  Player1 score: 5542  Player2 score: 5859
player 1 weights[18, -18, 18, -14.310000000000002, 18, 18, -18, 18, 0.05399999010439534, -0.08999752661233948]  player 2 weights[18, -18, -18, -9.939599999999999, -18, -18, -18, 18, 0.09000000000000025, 0.043235389439688715]  Player1 score: 5587  Player2 score: 5914
player 1 weights[18, -18, -0.08999245024849574, -0.08986656775274494, -18, 18, -18, 18, -0.03959999990069578, -0.07199999807035692]  player 2 weights[18, -18, -0.09237881828604277, -0.08214159889763882, 18, 18, 18, 18, -0.07199999986073174, -3.69864]  Player1 score: 5637  Player2 score: 5964
player 1 weights[-18, 18, 18, 17.979667200000005, 18, 14.310000000000002, -18, 18, -0.08999950540123923, -0.09777329853648076]  player 2 weights[-18, 18, -18, -18.09, 18, -9.306000000000001, 18, 18, -0.09001021767360874, -0.06419328470555671]  Player1 score: 5683  Player2 score: 6018
player 1 weights[-18, 18, 3.2170481570885903, -0.09019310176240905, -18, -18, -18, -18, -0.08774668799999999, 17.91]  player 2 weights[-18, 18, -0.09015685121636559, -0.09170271129600008, 18, -18, -18, 18, 0.1467055715486734, -0.2479846005043196]  Player1 score: 5731  Player2 score: 6070
player 1 weights[18, -18, -18, -0.079887744, 18, 18, 18, -18, -0.09000000000132816, -0.1900798964174676]  player 2 weights[18, -18, -0.08262799943819198, -4.148784000000003, 18, 18, -18, 18, -0.08993960217756307, -0.3753000024244232]  Player1 score: 5779  Player2 score: 6122
player 1 weights[18, -18, -8.930593061314557, -0.089937070139179, -18, 18, -18, -18, -0.089999999104275, -0.09013224038972358]  player 2 weights[-18, 18, -0.6103123310802445, 0.04053512908799989, 18, -18, 18, 18, -0.08955779016720392, -0.10783373593911615]  Player1 score: 5834  Player2 score: 6167
player 1 weights[18, -18, 14.310000000000002, -7.290000000000001, -18, -18, 18, 18, 0.030383999538943912, -0.20077107841018096]  player 2 weights[-18, 18, -11.609999999999996, 0.10759218221669417, 18, 18, -18, 18, -0.08999245025280009, -0.47339997478166995]  Player1 score: 5886  Player2 score: 6215
player 1 weights[-18, 18, 18, -0.07939941714944379, 18, 18, -18, 18, -0.0899999965542713, -0.0530659013130164]  player 2 weights[18, -18, -0.09219589773758598, 14.310000000000002, 18, 18, 18, -18, -0.09000000093624672, -0.14007576269284613]  Player1 score: 5934  Player2 score: 6267
player 1 weights[18, -18, 13.922330803200001, -7.289999999999999, -18, -18, 18, -18, -0.05399660032636779, -0.09000208059164456]  player 2 weights[18, -18, 18, -0.07820352, 18, -18, 18, -18, -0.09608263535978513, -0.3888016461381335]  Player1 score: 5977  Player2 score: 6324
player 1 weights[-18, 18, -0.10655242119129855, -0.12969413510911032, -18, -18, 18, -18, -0.09697230820895736, -0.18144261448736063]  player 2 weights[18, -18, 18, -0.09163360724548461, 18, -18, -18, -18, -0.08999999979732612, -0.0728016408870914]  Player1 score: 6028  Player2 score: 6373
player 1 weights[18, -18, 0.9006508532599593, -0.13591158821683197, 18, -18, -18, 18, -0.09198475333175146, -0.13253759999937936]  player 2 weights[18, -18, -0.08541165298054933, -0.08997040500286957, -18, -18, -18, 18, -0.11520000000113491, -0.089306229257114]  Player1 score: 6075  Player2 score: 6426
player 1 weights[18, -18, 18, 14.309999999999999, 18, -18, -18, 18, -0.12600002164663515, -0.09001309398061651]  player 2 weights[-18, 18, -18, -18.09, -18, -18, 18, 18, -0.09000000060431534, -0.14600040650574503]  Player1 score: 6116  Player2 score: 6485
player 1 weights[18, -18, -0.08998505345125637, -18.09, -18, 17.91, -18, 18, -0.09010321919991889, -0.24402279056396087]  player 2 weights[-18, 18, 14.310000000000002, -0.08280456819246919, -0.06640703999999997, 15.245424000000016, -18, 18, -0.09161280001773292, -0.15299947151769644]  Player1 score: 6164  Player2 score: 6537
player 1 weights[-18, 18, -0.08974874441318399, -0.10134756495359999, 18, -18, 18, -18, -0.10439951680779316, -0.20805166080000004]  player 2 weights[-18, 18, -0.099516041406658, -0.8855937792000004, 18, 18, -18, 18, -0.14903698838918494, -0.28983633401543185]  Player1 score: 6213  Player2 score: 6588
player 1 weights[18, -18, 1.711947029962752, 7.110000000000001, 18, -18, 18, -18, -0.09000000000322067, -0.07199999824339788]  player 2 weights[-18, 18, 6.015251155881444, 0.23190220800000017, -18, -18, 18, -18, -0.07368614610001674, -0.1516464390465043]  Player1 score: 6252  Player2 score: 6649
player 1 weights[-18, 18, -0.08996842649519736, 0.9715548542975994, -18, 18, 18, -18, -0.08999999972438087, -0.3317941005571803]  player 2 weights[18, -18, 18, -0.10179648, 18, -18, 18, -18, -0.08999197492072344, -0.028298649599897627]  Player1 score: 6302  Player2 score: 6699
player 1 weights[18, -18, 18, 3.5095305351187527, -18, 18, 18, -18, -0.08999952882024465, 0.06302084091922264]  player 2 weights[18, -18, -18, -0.08999411533882741, 18, -18, 18, -18, -0.08999989866900837, -0.09000000000001898]  Player1 score: 6349  Player2 score: 6752
player 1 weights[-18, 18, -0.16697203199999996, 17.91, 18, 18, 18, -18, -0.090007077888, -0.23158433109957063]  player 2 weights[18, -18, -18, 1.368, -18, 18, -18, 18, -0.08999999125448627, -0.11700064931866601]  Player1 score: 6402  Player2 score: 6799
player 1 weights[18, -18, -0.0782131916923601, -0.0832896497112676, 0.027543950274369927, -15.066000000000003, 18, 18, -0.09000035616442931, -0.1776960000524722]  player 2 weights[-18, 18, -0.08988261392820612, -0.14698943999999997, -18, -0.11453667840000001, -18, -18, -0.08999999944254126, -0.36576000000006736]  Player1 score: 6458  Player2 score: 6843
player 1 weights[-18, 18, -1.181637540864, -0.08883864307843013, 18, 18, -18, -18, -0.08927959998148079, -0.34566912000000005]  player 2 weights[18, -18, -0.09000206722926193, 0.4011105621111569, 18, -19.034671245926393, 18, -18, -0.10612799999976756, -0.0900022649947166]  Player1 score: 6506  Player2 score: 6895
player 1 weights[-18, 18, 9.242512191992208, 18, -18, -18, -18, 18, 0.09000486647235942, 0.08999999986700306]  player 2 weights[18, -18, 18, -4.020138644288277, -18, 18, 18, 18, 0.09062170899173519, 0.09936000000035881]  Player1 score: 6552  Player2 score: 6949
player 1 weights[18, -18, 0.09000882260635916, 18, 18, 18, 18, 18, 0.09000000036775518, -0.07199999907228824]  player 2 weights[18, -18, 0.09754974720000001, -0.06952177963765001, 18, 18, 18, 18, 0.14771861861310173, 0.0900003865470552]  Player1 score: 6603  Player2 score: 6998
player 1 weights[-18, 18, 18, 18, 18, 18, 18, 18, -0.08968229735727021, -0.12484849181066784]  player 2 weights[-18, 18, -18, 0.03468507266237106, -18, 18, -18, 18, -0.12599992268784715, -0.08999995168161791]  Player1 score: 6659  Player2 score: 7042
player 1 weights[18, -18, 18, -14.877117575661499, -18, -18, 18, 18, -0.15299796301804008, -0.2322745967964868]  player 2 weights[18, -18, 18, -18, 18, 18, 18, -18, -0.1116096787781802, -0.228625811043688]  Player1 score: 6709  Player2 score: 7092
player 1 weights[18, -18, 18, 18, -18, 18, -18, 18, 0.07980480000000104, -0.2519999934689009]  player 2 weights[18, -18, 18, -6.044169600000005, -18, -18, -18, -18, -0.036000236644109146, -0.19529999996772648]  Player1 score: 6763  Player2 score: 7138
