player 1 weights[18, -18, -0.03948687513007912, -0.0012758765375016218, 18, -18, -18, 18, -0.12781032413639015, -0.3376000131902982]  player 2 weights[18, 18, -0.04221952551273565, 0.05651717869771983, 18, 18, 18, 18, -0.11143612831026382, -0.3197891553262793]  Player1 score: 43  Player2 score: 58
player 1 weights[-18, 18, -0.040250704406004756, 0.11889892701636653, 18, 18, -18, -18, -0.054400022746871356, -0.0799999676176135]  player 2 weights[18, 18, -0.04219471533909493, -0.0723308542305839, -18, -18, 18, -18, -0.06399995793730975, -0.029360837887747945]  Player1 score: 80  Player2 score: 121
player 1 weights[-18, 18, -0.03267910314834338, 0.0725121715046605, 18, -18, 18, -18, -0.09727994608828924, -0.09274939473431706]  player 2 weights[-18, -18, -3.9280000000000035, -0.03782626215841095, -18, -18, -18, -18, -0.03583999987677701, -0.30855987152559294]  Player1 score: 131  Player2 score: 170
player 1 weights[-18, 18, 0.06831264506519219, -0.00680585088475179, -18, -18, -18, -18, 0.03999989470244951, -0.1599371395417184]  player 2 weights[-18, -18, 0.5846292863353277, -0.014540602295975999, -18, 18, -18, -18, 0.004478455647202256, -0.10240000000000005]  Player1 score: 181  Player2 score: 220
player 1 weights[18, -18, -18, -0.04000002351925985, 18, -18, 18, 18, -0.04384, -0.04000017114439353]  player 2 weights[-18, -18, 18, -18, 18, -18, -18, 18, -0.04000000000000001, -0.016751460442022286]  Player1 score: 222  Player2 score: 279
player 1 weights[-18, 18, 18, -0.042660018807513224, -18, -18, 18, -18, -0.032420246521790486, -0.21278720196039605]  player 2 weights[18, 18, -0.04011724748958559, -0.0643526853697747, 18, 18, -18, 18, -0.040000001650307974, -0.17998997263806665]  Player1 score: 264  Player2 score: 337
player 1 weights[-18, 18, 0.040522920418636296, 0.022074544625140746, 18, 18, -18, -18, 0.05411180470919054, -0.07908429518715827]  player 2 weights[-18, -18, 0.04539966280928293, 0.026162650980484925, -18, -18, -18, -18, 0.04000003041365733, -0.2184887457547149]  Player1 score: 309  Player2 score: 392
player 1 weights[18, 18, -18, -18, 18, -18, -18, 18, 0.04001044858802771, -3.062594622349479e-11]  player 2 weights[-18, 18, -18, 0.5061069792947185, 18, -18, -18, -18, -8.530466729939068e-07, -0.0004836774261358992]  Player1 score: 348  Player2 score: 453
player 1 weights[18, 18, 0.16113970429952051, -0.06482108328801023, -18, 18, -18, -18, -0.060692991919788664, -0.35710115345204896]  player 2 weights[18, -18, 0.0673861591039999, -0.03488371676595036, 18, 18, -18, 18, -0.03358998135374686, -0.15445006609115036]  Player1 score: 399  Player2 score: 502
player 1 weights[-18, -18, 18, -18, 18, 18, 18, -18, -0.013787048717834677, -0.22329668249426127]  player 2 weights[-18, 18, -18, -18, 18, 18, -18, -18, -0.046235942136460324, -0.21427197064916523]  Player1 score: 445  Player2 score: 556
player 1 weights[-18, -18, -0.0048767999867558864, -0.06972788015090176, -16.36960000000001, 18, 18, -18, -0.07200192555671517, -0.054526034095711065]  player 2 weights[-18, 18, -0.03683820479331357, -0.0783671671260344, 18, -9.112000000000002, 18, -18, -0.040158720000000016, -0.28637125955502546]  Player1 score: 493  Player2 score: 608
player 1 weights[18, 18, 18, -0.005287423999999985, 18, -18, -18, 18, 0.002384061970599677, -0.20072238216591579]  player 2 weights[-18, 18, 0.04630524805120001, 0.039992138089889794, -18, -18, -18, 18, -0.035436245264944335, -0.11872000000000002]  Player1 score: 538  Player2 score: 663
player 1 weights[-18, -18, -18, -0.04000288013271648, 18, -18, -18, 18, -0.040000000006553606, -0.049457251943344965]  player 2 weights[-18, 18, -0.040000079161396036, -18, 18, -18, -18, 18, -0.039039999998591104, -0.04009339033686391]  Player1 score: 579  Player2 score: 722
player 1 weights[18, 18, 0.8364075210192307, -0.04000009047063242, -18, -18, 18, 18, -0.047969684205054104, -0.02560016729377211]  player 2 weights[-18, 18, -0.03956905585435957, 5.543981615396938, 18, 18, -18, -18, -0.0400000000125746, -0.13177516662976888]  Player1 score: 626  Player2 score: 775
player 1 weights[-18, -18, -0.05948400969369276, 0.008325129033167039, 18, 6.643965334323223, 18, -18, -0.11207680005338035, -0.3759936019110942]  player 2 weights[-18, 18, 0.06363916263063138, -0.039157659178053014, -18, 18, 18, -18, -0.11199999983111239, -0.2585310947527522]  Player1 score: 675  Player2 score: 826
player 1 weights[-18, -18, -0.040315290091520004, -0.06527795200000003, 18, -18, -18, -18, -0.06688012567433085, -0.13671178255708505]  player 2 weights[18, -18, -0.04000538326858769, 0.05043199999999992, -18, 18, -18, 18, -0.06338972842482621, -0.2712227548455322]  Player1 score: 708  Player2 score: 893
player 1 weights[-18, -18, 5.000000000000002, -0.039581900088465155, -18, 18, 18, -18, -0.040000000014559556, -0.08140768539541651]  player 2 weights[-18, 18, -0.04003849602446816, -0.22329984026947977, -18, -18, -18, 18, -0.04480116549942529, -0.04022394879469305]  Player1 score: 749  Player2 score: 952
player 1 weights[18, 18, -0.040153689541602804, -0.0002701956643951717, 18, -18, -18, -18, -0.0583168, -0.1599882251963603]  player 2 weights[18, -18, -0.040101944059806154, -0.01941547799178049, -18, 18, 18, -18, -0.05547126783999992, -0.12799999957578165]  Player1 score: 791  Player2 score: 1010
player 1 weights[18, 18, -3.5190644928767365, -0.039996811525869876, 18, -18, -18, 18, 0.04512000000000001, 0.041198186864049746]  player 2 weights[-18, 18, 0.1127990882871336, -0.035608861345054726, 18, -18, 18, 18, 0.03552065008561858, 0.07200000147749558]  Player1 score: 838  Player2 score: 1063
player 1 weights[18, 18, 1.2348764408010757, 0.040128756196389975, 18, -18, -18, 18, 0.03986068593049808, -0.36773889953012884]  player 2 weights[18, -18, 0.039985137005531364, 0.0552762991575041, 18, 18, 18, 18, -0.008000585852912447, -0.04021781049833653]  Player1 score: 885  Player2 score: 1116
player 1 weights[-18, -18, 0.002316648611839986, -0.09922666299952296, 18, -18, -18, 18, -0.04159992232938097, -0.057060918244997885]  player 2 weights[18, -18, -0.03995482187313013, -15.160000000000004, 18, -18, -18, 18, -0.039999999997148275, -0.03200000000000001]  Player1 score: 922  Player2 score: 1179
player 1 weights[18, 18, -0.04000002919647641, -0.03987458867200001, -18, 18, 18, -18, -0.04000000000000001, -0.04049986283082203]  player 2 weights[18, -18, -1.8105420793446454, -0.04223228109865358, 18, -18, -18, 18, -0.0399999999271138, -0.04003185727737966]  Player1 score: 977  Player2 score: 1224
player 1 weights[-18, -18, -0.04000895609448094, -0.008357137333159043, 18, -18, -18, -18, -0.04000000000000001, -0.20746608395308042]  player 2 weights[18, -18, -0.039910909241434915, -0.04492322028344847, 18, 18, -18, 18, -0.05230153584014583, -0.04000003944449918]  Player1 score: 1022  Player2 score: 1279
player 1 weights[18, 18, -0.06520010860132364, -0.05502743516223587, -6.751745536, -0.04041472, 18, -18, -0.039999980348984915, -0.013758084643148295]  player 2 weights[18, -18, -0.026220650055134756, -0.13594737759008851, -18, -18, -18, -18, -0.016000017933038124, -0.008018569032647568]  Player1 score: 1071  Player2 score: 1330
player 1 weights[-18, -18, 18, -0.4594566378877307, -18, -18, -18, -18, -0.004799997910895457, -0.1914332451390777]  player 2 weights[-18, 18, 18, 0.8897106470485545, 18, 18, -18, -18, 0.043839999938877494, -0.007999999180743053]  Player1 score: 1119  Player2 score: 1382
player 1 weights[18, 18, -0.0399309105908696, -0.03999772043628517, 18, 18, 18, 18, -0.04000000000000001, -0.06719997772651304]  player 2 weights[-18, 18, -0.040000088478030715, -0.04049026567720196, 18, -18, 18, 18, 0.014182399999999998, -0.04000011037521912]  Player1 score: 1158  Player2 score: 1443
player 1 weights[18, 18, -18, -0.825983120540487, 18, 18, 18, 18, -0.04, -0.07267408248844683]  player 2 weights[-18, 18, 18, 18, 18, 18, 18, 18, -0.040001357165886285, -0.040038620466467334]  Player1 score: 1202  Player2 score: 1499
player 1 weights[-18, -18, -0.039909683200000004, 0.19204521551460058, 18, -18, 18, 18, -0.0447999916728502, -0.04000000000015851]  player 2 weights[-18, 18, -0.16499200029835998, -0.04123140276453621, -18, -18, -18, -18, -0.039999985598085985, -0.03860183982937024]  Player1 score: 1251  Player2 score: 1550
player 1 weights[18, 18, -0.5438433856798259, -0.017463603411707492, -18, 0.7998079999999993, -18, 18, -0.039999998938854774, -0.040000000041392224]  player 2 weights[18, -18, -0.0744299688663307, -0.03273477422055425, 1.806221286377262, 18, -18, -18, -0.04000006094874591, -0.038400000062520735]  Player1 score: 1301  Player2 score: 1600
player 1 weights[18, 18, -0.03331612600717859, 18, -18, 18, 18, 18, -0.04000000000000001, -0.07200038471852041]  player 2 weights[18, -18, 18, -0.041113803890031816, -18, -18, -18, 18, -0.05920000000107391, -0.040000668603508406]  Player1 score: 1349  Player2 score: 1652
player 1 weights[18, 18, -0.03310813455798329, 4.932377687568963, -14.540684800000006, -0.7454387200000008, -18, 18, -0.008000559153849403, -0.18034329058609155]  player 2 weights[-18, 18, -0.4720000000000004, -0.12794894792707842, -0.040010100747050414, 6.440000000000007, 18, -18, 0.0034182451320669063, -0.05900802633208813]  Player1 score: 1392  Player2 score: 1709
player 1 weights[-18, -18, -5.080000000000004, -1.1363937501183996, 18, -18, -18, 18, -0.01626623936303007, -0.07666167114810611]  player 2 weights[-18, 18, 0.044652646400000065, -1.289924266196975, -18, -18, -18, 18, -0.05151999852656068, -0.23473763302941075]  Player1 score: 1441  Player2 score: 1760
player 1 weights[-18, -18, -5.080000000000004, 10.759999999999998, 18, 18, -18, -18, -0.058760354022108455, -0.10937670940624108]  player 2 weights[18, -18, -0.27514624000000026, 6.44, -18, -18, -18, 18, -0.05152000024905128, -0.17517248350344597]  Player1 score: 1480  Player2 score: 1821
player 1 weights[-18, -18, -19.163609600000015, 0.059257410599019816, -18, -18, -18, -18, 0.026879991629419148, -0.14255616295950088]  player 2 weights[-18, 18, -0.053773098680119216, 0.04132017220376106, 18, -18, 18, 18, 0.05945798982800311, -0.20538993186683058]  Player1 score: 1537  Player2 score: 1864
player 1 weights[-18, -18, -18, -0.09456100511560686, -18, 18, 18, -18, -0.015997761329896457, -0.28739697592455427]  player 2 weights[18, -18, -7.382050694979919, -3.0780971622400046, 18, -18, -18, -18, -0.03308799998990976, -0.12948055424805138]  Player1 score: 1578  Player2 score: 1923
player 1 weights[18, 18, -0.03405833275459594, -18.04, 6.174579200000007, 0.14139852799999997, 18, 18, -0.03577277709552761, -0.05090938156563894]  player 2 weights[18, -18, -0.07627970560000005, 0.31663374775282715, -0.04006819840000001, 10.759999999999998, -18, 18, -0.040000778567680015, -0.03928571501989226]  Player1 score: 1617  Player2 score: 1984
player 1 weights[18, 18, 2.3974624285491326, -11.60664898689651, 18, -18, 18, 18, -0.0419615918161152, -0.1272621103245767]  player 2 weights[18, -18, -0.052093235200000025, -18, 18, -18, 18, -18, -0.09727999999997888, -0.09279345681924382]  Player1 score: 1665  Player2 score: 2036
player 1 weights[18, 18, -0.041553801890372784, -0.038026652741723184, -18, -18, 18, -18, -0.040794282588897286, -0.07841133912118463]  player 2 weights[-18, 18, -0.0399930327243315, 0.04451942907904005, 18, 18, -18, -18, -0.0400000000135164, -0.1904001850987248]  Player1 score: 1704  Player2 score: 2097
player 1 weights[-18, -18, 18, -18, -18, 18, -18, -18, 0.040000000000000105, -0.12216920486862468]  player 2 weights[18, -18, 18, 7.531421319661539, 18, -18, -18, -18, 0.039999999999667746, 0.03999887425486026]  Player1 score: 1750  Player2 score: 2151
player 1 weights[-18, -18, -18, -18.04, 18, -0.4720000000000013, -18, 18, -0.013465599999979878, -0.025608432867365905]  player 2 weights[-18, 18, 18, 3.5600000000000014, -18, -3.6400000000000006, 18, 18, -0.035200011487837864, -0.04271832250297085]  Player1 score: 1799  Player2 score: 2202
player 1 weights[-18, -18, -0.008972269012935722, -0.030626023209934343, -18, 18, -18, 18, -0.07336223408049664, -0.1770289533937364]  player 2 weights[-18, 18, -0.040081455718358944, -0.08829305164685117, -18, -18, -18, 18, -0.06602239932086108, -0.25215880923812295]  Player1 score: 1845  Player2 score: 2256
player 1 weights[18, 18, 18, -0.01552640294912, -18, -18, -18, 18, 0.03808001853226055, 0.07999828643065804]  player 2 weights[-18, 18, 0.04000049093393742, 0.05125275435436657, 18, -18, -18, -18, 0.07078400000000001, -0.01682786445963516]  Player1 score: 1888  Player2 score: 2313
player 1 weights[-18, -18, -0.045788372172800025, -0.0022929940480000167, 18, 18, 18, 18, -0.040106770302920154, -0.15783448068726846]  player 2 weights[18, -18, -0.040023290062997804, -0.9377920000000015, -18, -18, 18, 18, -0.02911423968697867, -0.1295655281821837]  Player1 score: 1932  Player2 score: 2369
player 1 weights[-18, -18, -7.451728231636685, -0.04023172591119786, -18, 18, -18, -18, -0.034024959999996496, -0.28263121623945153]  player 2 weights[-18, 18, -0.031171003557263238, -0.041242995532891936, -18, -18, 18, 18, -0.10468129239637161, -0.1851689691777653]  Player1 score: 1971  Player2 score: 2430
player 1 weights[18, 18, 4.252202700800004, -0.039998000769076766, 18, 18, -18, -18, -0.039951627059200516, -0.18887820745028477]  player 2 weights[18, -18, -0.047396880058493546, -0.9544575999999987, 18, 18, -18, 18, -0.020799609990750603, -0.03218354090743518]  Player1 score: 2025  Player2 score: 2476
player 1 weights[18, 18, 18, -0.11396618035265538, -0.034885119999999985, 18, 18, -18, -0.07769563429231746, -0.09456773152137869]  player 2 weights[18, -18, -0.1945655498965686, 5.000000000000002, 18, -15.458874880000002, -18, 18, -0.039982585741118015, -0.2707305491408939]  Player1 score: 2067  Player2 score: 2534
player 1 weights[-18, -18, -0.03982502393660048, -0.04727800044288837, -18, 18, -18, 18, -0.03444183445974251, -0.1742729748441083]  player 2 weights[18, -18, 0.04640000000000005, 0.017135649986777662, -18, 18, -18, 18, -0.07443353591227977, -0.17664000000000005]  Player1 score: 2116  Player2 score: 2585
player 1 weights[-18, -18, 0.0400277984383903, 0.05622348862258146, -18, 0.04716083200000002, -18, -18, 0.035846949998256536, -0.13361059998631414]  player 2 weights[-18, 18, 0.039817258563559554, 0.049100021636182545, -4.057540240769029, 18, -18, -18, 0.04000033133625603, -0.14590049758195767]  Player1 score: 2161  Player2 score: 2640
player 1 weights[-18, -18, -0.16254605898250987, -0.08983915302263171, 18, 18, 18, 18, -0.06856191999999997, -0.10108224848852838]  player 2 weights[-18, 18, 0.7126370040864505, 0.11247466375331996, 18, -0.040000012386304004, 18, -18, -0.08000002005224663, -0.11250012572463056]  Player1 score: 2201  Player2 score: 2700
player 1 weights[-18, -18, -0.03976818660942832, -0.04595199998738514, 18, 18, 18, -18, 1.5806800313100666e-13, -0.008000400570539683]  player 2 weights[-18, 18, 0.50867456, -0.04044143139570792, -18, -18, 18, -18, -0.008, -0.16952440452456927]  Player1 score: 2255  Player2 score: 2746
player 1 weights[18, 18, -0.03941830673689488, 1.6495999999999993, 12.6608, -2.416000000000001, 18, -18, -0.1338050589345185, -0.23110402241997824]  player 2 weights[18, -18, -0.0334413946748928, -0.03600559874156109, -0.16096000000000021, 2.120000000000001, 18, 18, -0.1155199999914531, -0.2204947943764413]  Player1 score: 2305  Player2 score: 2796
player 1 weights[18, 18, 0.03308649960147754, -0.03900225953683764, 18, -18, 18, -18, -0.03999999999799815, -0.2707170813769896]  player 2 weights[-18, 18, -0.07986527431862424, -0.04014893402657986, -18, 18, 18, -18, -0.04000004734741884, -0.03998598185228516]  Player1 score: 2360  Player2 score: 2841
player 1 weights[-18, -18, -18, -18, 18, -18, 18, 18, 0.04643869835264, 0.039122235443006886]  player 2 weights[-18, 18, -18, -18, -18, -18, -18, -18, 0.04000000165156493, -0.024000099484971782]  Player1 score: 2405  Player2 score: 2896
player 1 weights[18, 18, -0.16816815635983715, 0.07918208204799997, -18, 18, 18, 18, 0.04479981797653095, -0.2514680689435932]  player 2 weights[-18, 18, 0.039999995631110785, 0.04041472000000001, 18, -18, -18, -18, 0.039834672038344274, 0.030669779862233702]  Player1 score: 2446  Player2 score: 2955
player 1 weights[18, 18, -0.03946905293961585, 0.005123674036256243, 18, 18, -18, 18, -0.03746552460188817, -0.04812743283727875]  player 2 weights[18, -18, 0.4785537167070859, -0.04035129590993097, -18, 18, -18, 18, -0.04000000000284274, -0.24802321901158406]  Player1 score: 2487  Player2 score: 3014
player 1 weights[-18, -18, -0.03961905174177068, -0.05633377460294652, -18, -18, 18, -18, -0.03998328201476231, -0.2092161684223607]  player 2 weights[-18, 18, -0.04007939837212717, -0.06976248699915417, -18, -18, -18, -18, -0.04438385477183469, -0.4325805690659254]  Player1 score: 2533  Player2 score: 3068
player 1 weights[18, 18, 0.1054023371514307, 18, 18, 18, -18, -18, 0.04005959836395646, -0.04724136833537669]  player 2 weights[18, -18, 18, 0.08331275304152938, 18, -18, -18, 18, 0.03999999284122299, -0.11321343486072608]  Player1 score: 2577  Player2 score: 3124
player 1 weights[-18, -18, 0.09184000000000012, 0.036774402295578545, -18, -18, 18, 18, 0.05194239931006247, -0.12250134787776412]  player 2 weights[-18, 18, 0.05675640402335294, -9.75776, -18, 18, -18, -18, 0.01595820585608221, -0.13857547477178334]  Player1 score: 2621  Player2 score: 3180
player 1 weights[18, 18, -0.03974619136, 0.5379959463758258, 18, 18, 18, -18, -0.048292971964931736, -0.19226485927108586]  player 2 weights[-18, 18, -0.0355980623872, 0.8816099977657514, -18, -18, -18, 18, -0.033702392031937846, -0.33882938431737897]  Player1 score: 2656  Player2 score: 3245
player 1 weights[-18, -18, -0.04000066378916563, -0.04015871041755334, -18, -19.097379991552003, -18, 18, -0.039999999274632526, -0.06755253048737873]  player 2 weights[-18, 18, -0.04036589221282699, -0.04074327200525647, 18, 18, -18, -18, -0.05152007130699553, -0.05170472988474839]  Player1 score: 2701  Player2 score: 3300
player 1 weights[-18, -18, -0.32502102425600016, 0.03988509564721016, -18, 18, 18, -18, 0.039983980230894764, 0.030457275935323918]  player 2 weights[-18, 18, 0.04000002909940452, 0.04127610164211658, 18, -18, 18, 18, 0.03999999986201768, -0.04480759177046453]  Player1 score: 2751  Player2 score: 3350
player 1 weights[-18, -18, -0.04004026828083112, -18, 18, 18, -18, 18, -0.03999960564217632, -0.2021535430683772]  player 2 weights[18, -18, 18, -0.0522949305514879, 18, -18, -18, -18, -0.06399957913370984, -0.03999626854462203]  Player1 score: 2808  Player2 score: 3393
player 1 weights[18, 18, 18, -0.04122089875091012, -18, -18, -18, 18, 0.028479988894572428, -0.13952002105690206]  player 2 weights[-18, 18, -0.03360827233055341, 0.23889694131889605, 18, -18, -18, 18, -0.023935591345593678, -0.04520704000598526]  Player1 score: 2850  Player2 score: 3451
player 1 weights[18, 18, -0.040109670400000005, -0.04041267661020843, 18, -18, 18, 18, -0.04127999438414064, -0.08910592003921501]  player 2 weights[-18, 18, -0.0399990784518349, -0.040350491599825664, 18, -18, -18, -18, -0.04100143792244394, -0.07840983525719585]  Player1 score: 2894  Player2 score: 3507
player 1 weights[18, 18, -18, -0.07139122821400888, -18, 18, 18, -18, -0.1280055341125567, -0.1295324947505575]  player 2 weights[-18, 18, -0.0390335885682478, -2.116555625570608, 18, -18, -18, 18, -0.059200452299171, -0.12745643246513838]  Player1 score: 2948  Player2 score: 3553
player 1 weights[18, 18, -5.332763877673631, -0.0801393077045692, -18, -18, -18, -18, -0.07200000026821049, -0.22848000000000002]  player 2 weights[-18, 18, -0.04463113272244597, 0.027339585533774177, -18, -18, 18, -18, -0.04022718069304817, -0.18885949157120613]  Player1 score: 2988  Player2 score: 3613
player 1 weights[-18, -18, 0.040019603913622484, 0.04089783273259932, 18, -18, -18, 18, 0.07551999922560455, 0.04051523900268991]  player 2 weights[-18, 18, 0.04429721680810973, 0.041468574459463656, -18, 18, -18, 18, 0.04864146247062011, -0.05486236873573741]  Player1 score: 3037  Player2 score: 3664
player 1 weights[18, 18, 0.040035828854223486, 0.019487534609941834, 18, 18, -18, -18, 0.03873918170135852, -0.040257250135973185]  player 2 weights[18, -18, 0.039967288829185724, 0.059273435370456554, -18, -18, 18, 18, 0.040001299967445385, -0.09929042924594697]  Player1 score: 3085  Player2 score: 3716
player 1 weights[18, 18, 0.026989219839999936, 0.040356430460851835, 18, 18, -18, 18, 0.03966995261865949, -0.03833625702629487]  player 2 weights[18, -18, 0.040086100267500174, 0.02931740233339095, -18, -18, -18, -18, 0.023971321402923004, 0.11598722358780404]  Player1 score: 3131  Player2 score: 3770
player 1 weights[-18, -18, -0.11358705898893681, -0.04271255775287165, -0.035192562050054214, -18, -18, 18, -0.04000000077656474, -0.1449539558689567]  player 2 weights[18, -18, -0.03999923663269272, -0.00799643785115381, -18, -0.03868348204318721, -18, 18, -0.08019348521286072, -0.2319999824276561]  Player1 score: 3178  Player2 score: 3823
player 1 weights[-18, -18, 18, 18, 18, 18, 18, 18, 0.07199855509697711, 0.04800211659602489]  player 2 weights[-18, 18, 18, 18, 18, -18, -18, 18, 0.044800000000202775, 0.09969793669708929]  Player1 score: 3227  Player2 score: 3874
player 1 weights[18, 18, 18, -18, 18, -18, -18, 18, -0.05651221006116765, -0.10274163748440068]  player 2 weights[18, -18, 18, 18, 18, 18, 18, -18, -0.035777820018830606, -0.034724009981646556]  Player1 score: 3273  Player2 score: 3928
player 1 weights[18, 18, 3.5671936, 0.014473538015590282, -18, 18, 18, -18, 0.04392326269626346, -0.04679471338009267]  player 2 weights[18, -18, 0.12317891559017155, 0.04273475813795436, -18, 18, 18, -18, 0.026177835662707684, -0.15717000918065782]  Player1 score: 3317  Player2 score: 3984
player 1 weights[-18, -18, 18, 0.2970320856350726, 18, -2.7848901222400073, -18, -18, -0.039999119351257044, -0.04148472155419087]  player 2 weights[18, -18, -0.042520307198215604, -0.03996280288565155, 18, -18, 18, 18, -0.04123168599953897, -0.022190800259871322]  Player1 score: 3356  Player2 score: 4045
player 1 weights[18, 18, -0.26841138335663495, -0.029450055015875255, -18, 18, 18, -18, -0.040000133372193096, -0.27942765473327974]  player 2 weights[18, -18, -0.2953569639708316, -0.03853978771546805, -18, 18, 18, -18, -0.039452569595146134, -0.2976030198988636]  Player1 score: 3413  Player2 score: 4088
player 1 weights[-18, -18, -0.02409049839441473, 0.055148434853069195, 18, -18, 18, 18, 0.015999816066943104, -0.13472240608375524]  player 2 weights[18, -18, -0.04171276571154274, -0.02439093066927243, 18, -18, 18, -18, -0.03769600010670785, 0.15772659664606337]  Player1 score: 3456  Player2 score: 4145
player 1 weights[-18, -18, -0.03377919999999999, -0.05855318120373909, 18, 18, 18, 18, -0.03200919181817047, -0.11224982088190769]  player 2 weights[-18, 18, -0.03863726265505463, -0.05185002600751983, -18, -18, -18, 18, -0.0399999946154784, -0.19089366298017948]  Player1 score: 3505  Player2 score: 4196
player 1 weights[18, 18, -0.019844607999999986, -2.8433920000000046, -1.7730702893056032, 9.59961798754305, 18, -18, -0.05090220484937522, -0.13994852899755356]  player 2 weights[-18, 18, -0.04004201238195009, -6.534399999999999, 18, -0.04001018682332876, 18, 18, -0.03999933990773212, -0.0929669463325232]  Player1 score: 3542  Player2 score: 4259
player 1 weights[18, 18, 0.03999994894754704, 0.04093925896166187, -18, 0.06912430676377616, -18, -18, 0.040349185095644974, -0.20085970549025137]  player 2 weights[-18, 18, 0.03999326460503906, 0.039890130766310546, -18, 18, -18, 18, 0.04932351434541342, -0.06624151226993065]  Player1 score: 3594  Player2 score: 4307
player 1 weights[-18, -18, -18, 0.18898006405463758, -18, 18, -18, 18, 0.0644126777649019, 0.07357865119404428]  player 2 weights[-18, 18, -18, 0.04024162058583293, -18, 18, 18, 18, 0.05780463616000005, -0.03083761257750657]  Player1 score: 3635  Player2 score: 4366
player 1 weights[18, 18, -3.6400000000000006, -10.84, -0.039268601135104005, 0.025840947200000075, 18, 18, -0.05920003113626507, -0.0762241480699945]  player 2 weights[18, -18, -0.02790676479999999, 0.04800021684836256, -0.07386880000000007, -0.3692047360000003, -18, 18, -0.041728000000055644, -0.34499419307127044]  Player1 score: 3683  Player2 score: 4418
player 1 weights[18, 18, -18, -18, -18, 18, 18, -18, -0.04776112132344207, -0.0012928038012742366]  player 2 weights[18, -18, 18, 18, 18, 18, -18, -18, -0.020799980704804967, 0.035762596809682023]  Player1 score: 3735  Player2 score: 4466
player 1 weights[18, 18, 0.046096385995665456, 0.029006305044220953, -18, 18, -18, -18, 0.03520000002875978, 0.03545967371282794]  player 2 weights[18, -18, -0.03797160957432947, 0.039946070670361954, 18, 18, 18, 18, 0.04000000003202389, 0.0320375153058537]  Player1 score: 3783  Player2 score: 4518
player 1 weights[-18, -18, 16.51740750351569, 0.18425088000000028, -18, 18, 18, 18, -0.059227954114895454, -0.25387670704248144]  player 2 weights[18, -18, -0.0525069053793403, 0.449307559559169, -18, 18, -18, 18, -0.06471817111364929, -0.16673709591847458]  Player1 score: 3828  Player2 score: 4573
player 1 weights[18, 18, -0.03999999999925761, -18, -18, 18, -18, 18, -0.03445030305814765, -0.07839225440435633]  player 2 weights[-18, 18, 18, -0.03983530917820652, -18, -18, 18, -18, -0.04000000028140259, -0.29755649969899434]  Player1 score: 3874  Player2 score: 4627
player 1 weights[18, 18, -0.03989534343803232, -0.026176004339568355, -18, -18, -18, 18, -0.040011059607360275, -0.07840000000023185]  player 2 weights[18, -18, -0.039919978523604974, -0.04494591149401418, 18, -18, 18, -18, -0.06002944000000001, -0.05643958003172203]  Player1 score: 3921  Player2 score: 4680
player 1 weights[-18, -18, 0.04676015868477447, -0.04005654857986206, -18, 18, 18, -18, -0.039999997228594535, -0.18298245683971964]  player 2 weights[18, -18, 0.1816060253503552, -0.01950773591457665, 18, 18, -18, 18, -0.03016560676493319, -0.0548807989964588]  Player1 score: 3970  Player2 score: 4731
player 1 weights[-18, -18, 0.13279756915752444, -0.06066740518683958, 18, 18, -18, 18, -0.026473664548728765, -0.20800179691550702]  player 2 weights[-18, 18, -0.1336854670496506, -0.03497091405871716, 18, 18, -18, -18, -0.040000005562127516, -0.2476670530909656]  Player1 score: 4011  Player2 score: 4790
player 1 weights[18, 18, -18, -0.36115930644278127, -18, -18, 18, -18, -0.04157618143385368, -0.1779588064826296]  player 2 weights[18, -18, 18, -5.6987539429938945, -18, 18, -18, -18, -0.04479999182467064, -0.20017889696656305]  Player1 score: 4061  Player2 score: 4840
player 1 weights[18, 18, -0.039999802026723784, -0.05271296677995802, -18, 18, 18, 18, -0.02880001117618133, -0.07851126603245007]  player 2 weights[18, -18, -0.04001308226948337, -0.036345855992528875, -18, -18, 18, -18, -0.013120003279661872, -0.1212994367512021]  Player1 score: 4111  Player2 score: 4890
player 1 weights[-18, -18, 18, -18, -18, 18, -18, 18, 0.008030966309455247, -0.13312297377768642]  player 2 weights[18, -18, -18, -4.793561600000001, 18, 18, -18, 18, -0.003821721730925799, -0.009602560000000003]  Player1 score: 4152  Player2 score: 4949
player 1 weights[-18, -18, -0.039917056000000006, -0.03970436179888573, -18, 18, 18, -18, -0.04639826670918587, -0.22513155140329988]  player 2 weights[-18, 18, -0.03999963212602824, -0.04380492078087775, 18, 18, 18, 18, -0.03226624163720817, -0.09760001913276267]  Player1 score: 4201  Player2 score: 5000
player 1 weights[-18, -18, -0.754917005853048, -0.012515777465346586, 18, 18, -18, 18, -0.041918484871839086, -0.18864969311591626]  player 2 weights[18, -18, -0.03982817743725996, -0.04000601912868172, 18, -18, -18, 18, -0.054264968860966864, -0.24160002080423443]  Player1 score: 4250  Player2 score: 5051
player 1 weights[-18, -18, 0.040004444176148075, 0.8204799999999997, -18, 0.04210078332326183, 18, -18, 0.05151535619768323, -0.02294334555060619]  player 2 weights[-18, 18, 0.040004444176148075, 0.04999365666846788, 0.06787678225131427, 0.16096000000000021, -18, -18, 0.047488000618021046, 0.03994026468528245]  Player1 score: 4297  Player2 score: 5104
player 1 weights[18, 18, 0.0400009931273328, 0.040002167111131526, -18, -18, 18, -18, 0.015993257478418964, -0.06759108692222048]  player 2 weights[-18, 18, 0.040000807787737805, -0.11218658617383004, -18, 18, -18, 18, -0.006427257244853969, -0.06609059878120827]  Player1 score: 4338  Player2 score: 5163
player 1 weights[-18, -18, -0.03982866818406598, -18, 18, 18, -18, -18, -0.060889886343663074, -0.009092569298085995]  player 2 weights[18, -18, -14.73328076800002, -0.03999999277666388, 18, -18, 18, -18, -0.050444928123984434, -0.014638809217541085]  Player1 score: 4384  Player2 score: 5217
player 1 weights[18, 18, 8.212700913664005, 0.040477698457600006, 18, 18, -18, -18, 0.030400060772571607, -0.005437189664722675]  player 2 weights[18, -18, 0.04820860289252976, 0.05606999387207101, -18, -18, 18, 18, 0.00799999811354235, -0.008395528697196175]  Player1 score: 4429  Player2 score: 5272
player 1 weights[18, 18, -0.039423999999999945, -0.030962312761361355, 18, -18, -18, -18, -0.08001504731404446, -0.09259914198146195]  player 2 weights[18, -18, -0.042393600000000004, -0.0479977461273052, -18, 18, 18, 18, -0.07200000009505748, -0.060800273251121764]  Player1 score: 4473  Player2 score: 5328
player 1 weights[18, 18, -0.03745585381376, 14.328000000000001, -0.040677221171200005, -18, 18, -18, -0.04163268738795897, -0.19639892110405657]  player 2 weights[-18, 18, -0.04871228912435201, -0.642880000000001, 18, -2.5594240000000026, 18, -18, -0.05157662779450941, -0.10967757864972344]  Player1 score: 4524  Player2 score: 5377
player 1 weights[18, 18, -0.039978504199739105, -0.07633881048844943, 18, -18, 18, -18, -0.0381801396088477, -0.13794359450330468]  player 2 weights[-18, 18, -0.03996150793535779, -0.020446649916081895, 18, 18, -18, 18, 0.0048000024048585055, -0.0821634550903367]  Player1 score: 4560  Player2 score: 5441
player 1 weights[-18, -18, -1.9511734589753265, -0.04639996461056001, 18, 18, 18, -18, -0.017647224138829645, -0.21903443390979066]  player 2 weights[18, -18, 18.502315667455996, -0.04070385285070849, -18, 18, 18, 18, -0.04001510607778675, -0.007999999999999993]  Player1 score: 4602  Player2 score: 5499
player 1 weights[-18, -18, -0.038694605632569344, 0.12109925144985603, 11.183237458600367, 2.120000000000001, 18, 18, -0.07195802611268194, -0.027788818832118853]  player 2 weights[18, -18, -0.0353269630697472, -0.015804638986240006, 0.071904026329088, -0.03980646400000001, -18, 18, -0.0393951159251722, -0.012502044962075881]  Player1 score: 4652  Player2 score: 5549
player 1 weights[-18, -18, 6.930199040000005, -0.045373859902830604, -18, -18, -18, -18, -0.044147200000368585, -0.4008429806028737]  player 2 weights[-18, 18, -0.03774208, -0.022719999999999976, 18, 18, -18, -18, -0.08917400694746336, -0.07892364106211786]  Player1 score: 4689  Player2 score: 5612
player 1 weights[18, 18, 18, 18, -18, -18, 18, 18, -0.06412349536293885, -0.14303986021870507]  player 2 weights[-18, 18, -0.028431929593658575, -13.362865027893083, -18, 18, 18, -18, -0.06596762937246207, -0.08745999454680169]  Player1 score: 4732  Player2 score: 5669
player 1 weights[18, 18, -0.04633147144181389, 0.012800000687931128, -1.4707342336000035, 18, -18, -18, -0.03999991576211007, -0.21909047296000003]  player 2 weights[18, -18, -0.03647944194368104, -18.04, 18, 11.623999999999995, -18, 18, -0.05918662496896215, -0.12973881645043117]  Player1 score: 4773  Player2 score: 5728
player 1 weights[-18, -18, -0.03999999768580593, 0.038231532949644126, -18, 18, 18, -18, -0.07868900087589428, -0.08804357981337935]  player 2 weights[18, -18, -0.037805803405312005, -0.04002386817692943, 18, 18, 18, 18, -0.06572799999977351, -0.24278765764110913]  Player1 score: 4822  Player2 score: 5779
player 1 weights[-18, -18, -18, -18, 18, 18, -18, 18, 0.08606747001742387, -0.1958916226901523]  player 2 weights[18, -18, -18, 18, -18, -18, 18, 18, 0.05184000146822638, 0.09701120398888155]  Player1 score: 4866  Player2 score: 5835
player 1 weights[-18, -18, -0.03999784436073718, -0.03945534908853135, 18, 18, -18, 18, -0.020800369293240212, -0.04042855987210199]  player 2 weights[-18, 18, -0.04000351429707928, -0.03855677421671157, -18, 18, 18, 18, -0.0432, -0.4428008660210161]  Player1 score: 4909  Player2 score: 5892
player 1 weights[-18, -18, -0.03999999993278714, -0.03586711868385392, -18, 18, 18, 18, -0.0479962385201264, -0.04000088049137911]  player 2 weights[18, -18, -0.039693412689234396, -0.04005638131782857, -18, -18, -18, -18, -0.04000000000000001, -0.13656102504311177]  Player1 score: 4964  Player2 score: 5937
player 1 weights[-18, -18, -0.03999832784896001, -4.273600000000004, -18, 18, 18, 18, -0.04017959385336583, -0.03999998034239605]  player 2 weights[-18, 18, 0.12456474460160008, -0.024640623837183993, -18, -18, -18, 18, -0.04000000000000001, -0.011084622197185617]  Player1 score: 5013  Player2 score: 5988
player 1 weights[18, 18, -0.040405713069352665, -0.03500272465300053, 18, -18, 18, -18, -0.0601600000322727, -0.04800000396685137]  player 2 weights[18, -18, -0.04257576134662113, -0.03896109092338972, 18, 9.090060800000018, 18, -18, -0.04037324800000001, -0.1384896869289738]  Player1 score: 5047  Player2 score: 6054
player 1 weights[-18, -18, -0.03993663981033525, 0.31763865480640274, -18, 1.32584674692301, 18, 18, -0.07181672213545902, -0.06779698752000105]  player 2 weights[-18, 18, -0.04000025319364132, 0.14142920944282247, -0.43191040000000097, -0.04806400000000002, -18, -18, -0.039808141696467646, -0.2119423036527304]  Player1 score: 5085  Player2 score: 6116
player 1 weights[-18, -18, -1.3124293901560589, -0.04489399241475231, 18, -18, -18, 18, -0.04104608527882862, -0.21873715753873607]  player 2 weights[-18, 18, -18, -0.04000017134982316, -18, 18, -18, -18, -0.06070113908585818, -0.2796949566206363]  Player1 score: 5115  Player2 score: 6186
player 1 weights[-18, -18, -0.35211980799999987, -0.2921897349665118, 18, -18, 18, -18, -0.03999999885045076, -0.0005995039105208405]  player 2 weights[18, -18, -0.03777115125730767, -0.017267152034189145, 18, 18, 18, -18, -0.004218275323303308, 0.08520134105868704]  Player1 score: 5164  Player2 score: 6237
player 1 weights[-18, -18, -0.036471926620630875, -0.03852203619762337, -18, -18, -18, 18, -0.040162533081206285, -0.183388197108532]  player 2 weights[-18, 18, -0.04000002703533571, -0.008291284000599072, 18, 0.061606400000000165, -18, -18, -0.0729222831512045, -0.08812421392754688]  Player1 score: 5209  Player2 score: 6292
player 1 weights[-18, -18, -18, -18, -18, -18, 18, -18, 0.007993466880000008, 0.03999999985748366]  player 2 weights[18, -18, 18, -18, -18, 18, 18, -18, 0.039999879644344934, 0.15928923416325644]  Player1 score: 5250  Player2 score: 6351
player 1 weights[18, 18, 14.224476791535011, 0.03707765596430039, 18, 18, 18, 18, -0.02918005293220892, -0.2726399893857031]  player 2 weights[-18, 18, -1.763955643815959, -0.26108630928598114, -18, 18, 18, -18, -0.032047345595472246, -0.2893907558379173]  Player1 score: 5290  Player2 score: 6411
player 1 weights[-18, -18, -0.0033698497911849312, -1.061703680000002, -18, 18, -18, 18, -0.0640022858115267, -0.2440110115302068]  player 2 weights[-18, 18, 0.03999044523927664, 0.039998588888538834, -18, 18, 18, -18, -0.07711999999949015, -0.11659955464531352]  Player1 score: 5341  Player2 score: 6460
player 1 weights[18, 18, -11.292617030531439, 18, -18, -18, -18, 18, 0.04345718321792111, -0.09784998577841436]  player 2 weights[-18, 18, 0.04270245262872782, 7.624940765418927, 18, -18, -18, -18, -0.0011480735682247722, -0.20543936383966105]  Player1 score: 5380  Player2 score: 6521
player 1 weights[18, 18, -0.008335315950102616, -0.020800007889593568, -18, -18, -18, 18, -0.06722560935968747, -0.14082020366071327]  player 2 weights[-18, 18, -0.017097033407784765, -0.06661687156176592, 18, 18, 18, 18, -0.034210840017318715, -0.04698121396611738]  Player1 score: 5424  Player2 score: 6577
player 1 weights[18, 18, 18, 18, 18, 18, -18, 18, -0.04009316265810651, -0.0460593063643091]  player 2 weights[18, -18, -18, 18, -18, 18, -18, -18, -0.011518964727407571, -0.0295039956608243]  Player1 score: 5473  Player2 score: 6628
player 1 weights[18, 18, -0.03903232, -0.044913732350608256, -18, 18, 18, 18, -0.13772800000000002, -0.2143030172345805]  player 2 weights[18, -18, -0.03322623999999999, -0.010209596136208851, -18, -18, -18, -18, -0.12670327848960006, -0.12800005124724265]  Player1 score: 5525  Player2 score: 6676
player 1 weights[-18, -18, 18, 0.039984086944949336, 18, 18, 18, -18, 0.0601696470776613, -0.25925174249253047]  player 2 weights[-18, 18, 0.03975434864333973, -18, 18, -18, 18, 18, 0.04243132337986926, -0.06086686964399243]  Player1 score: 5569  Player2 score: 6732
player 1 weights[-18, -18, 0.040021503574663934, 1.1104833377315613, -18, 18, 18, 18, -0.00065247784438726, -0.16033076737978835]  player 2 weights[18, -18, 0.02790676479999999, 0.05236861122584808, 18, -18, -18, 18, 0.040161248446931835, -0.23603818497649978]  Player1 score: 5616  Player2 score: 6785
player 1 weights[18, 18, -0.02165759999999997, 0.1353567876220966, -18, 18, -18, 18, -0.07849324281944081, -0.16741423026695323]  player 2 weights[-18, 18, -0.03851656317971281, -0.026954602692134316, 18, -18, -18, 18, -0.1586712367125166, -0.36762157388066885]  Player1 score: 5664  Player2 score: 6837
player 1 weights[18, 18, -0.14380436996096016, 0.0404788224, 18, 18, 18, 18, 0.020800000000046562, 0.03519681319146303]  player 2 weights[-18, 18, -4.7669169136271385, 0.039848271694091865, -18, -18, 18, -18, 0.03999999991748461, 0.007035106557563779]  Player1 score: 5714  Player2 score: 6887
player 1 weights[18, 18, 0.0398429326628055, 0.04228071837880185, -18, -18, -18, -18, 0.04172800000000001, -0.06981190336449275]  player 2 weights[18, -18, 0.03995680283909567, 0.03822095554631875, 18, 18, -18, -18, 0.03999995784377791, 0.04799911843235528]  Player1 score: 5761  Player2 score: 6940
player 1 weights[18, 18, 0.4555879245452201, -0.03417748478460024, 18, -18, -18, -18, -0.06717570910487179, -0.2064167044386653]  player 2 weights[-18, 18, 0.3048509752499493, -0.038880550617088006, -18, -18, -18, -18, -0.07199871854409108, -0.23965666873749766]  Player1 score: 5810  Player2 score: 6991
player 1 weights[-18, -18, 18, -0.34226690724335207, 18, -18, -18, -18, -0.05950798119443869, -0.3460733468463829]  player 2 weights[18, -18, 2.076316160000001, 18, 18, 18, -18, 18, -0.06399968410905653, -0.280435200628132]  Player1 score: 5856  Player2 score: 7045
player 1 weights[-18, -18, -0.02239949778575502, -0.09265692683414095, 0.31554111488000036, -1.0480000000000018, -18, 18, -0.03999999999655184, 0.07519999548151893]  player 2 weights[18, -18, -0.04056631587760129, -0.1279999587056834, -18, -0.4720000000000013, 18, -18, -0.007359917095059738, -0.03998740374746368]  Player1 score: 5892  Player2 score: 7109
player 1 weights[18, 18, -0.03994913685701695, -0.04031623358913808, -18, 18, -18, -18, -0.06879999999999974, -0.12479999992315996]  player 2 weights[-18, 18, -0.03999981272831376, 0.004793980004269553, -18, -18, -18, 18, -0.09415168000000002, -0.08802910740638581]  Player1 score: 5938  Player2 score: 7163
player 1 weights[-18, -18, -0.0399999179607853, -0.06701051032591686, 18, 18, -18, 18, -0.10032647799800232, -0.2723795663232481]  player 2 weights[18, -18, -0.03999885182051412, -0.039778143777587205, -18, 18, 18, -18, -0.08252609047663009, -0.23626814404303995]  Player1 score: 5986  Player2 score: 7215
player 1 weights[18, 18, 18.040000000000006, 0.11952693586335059, 18, -18, -18, 18, 0.041969084426414616, -0.16719882239807285]  player 2 weights[18, -18, -2.459715803004761, -2.564433229414403, 18, 3.429323409031176, 18, 18, 0.06050261597434971, -0.23578984597341848]  Player1 score: 6043  Player2 score: 7258
player 1 weights[-18, -18, -0.19193147075068695, -0.04814177131707766, 18, 18, 18, 18, -0.07072164127577052, -0.16397733823386562]  player 2 weights[18, -18, -0.03985488093639541, -0.04000019493938555, -18, 18, 18, 18, -0.02816000000346658, -0.21017656618596153]  Player1 score: 6086  Player2 score: 7315
player 1 weights[18, 18, -0.040000000011003456, -0.044494189188874246, -18, 18, -18, 18, -0.07199780820454818, -0.08569486496326907]  player 2 weights[-18, 18, -0.04033032991415334, -0.039804363651780875, -18, -18, 18, -18, -0.062262522388072006, -0.17584220425771216]  Player1 score: 6128  Player2 score: 7373
player 1 weights[-18, -18, -0.03999754241897502, -0.02117332516876732, 18, -18, 18, 18, -0.03999818678113955, -0.1895729137732724]  player 2 weights[-18, 18, -0.03984892387345303, -0.039445981856452726, 18, -18, 18, -18, -0.040000099164843456, -0.02073600210509259]  Player1 score: 6175  Player2 score: 7426
player 1 weights[18, 18, -0.005954999399887169, 0.037693902571934855, 18, 18, 18, 18, 0.03999999982794917, 0.036354824817055535]  player 2 weights[-18, 18, -18, 0.09938364025205358, -18, 18, -18, -18, 0.03999164115487971, 0.0327046193406364]  Player1 score: 6230  Player2 score: 7471
player 1 weights[18, 18, -0.035165188427620196, -0.058126235238400006, -18, 18, -18, -18, -0.06412437966204118, -0.17373644788983325]  player 2 weights[-18, 18, -0.033854723772509226, -0.06621133478422384, 18, 18, -18, 18, -0.05919997811590716, -0.175028949506044]  Player1 score: 6280  Player2 score: 7521
player 1 weights[18, 18, -9.94088348344553, 18, -18, 18, 18, 18, -0.03999817037365225, -0.059118814969930544]  player 2 weights[18, -18, -18, -16.462912000000017, 18, 18, 18, 18, -0.03999997910900317, -0.3243989569770346]  Player1 score: 6329  Player2 score: 7572
player 1 weights[18, 18, 0.07664387801646404, 0.13126562726947813, 18, -18, -18, -18, 0.039976122727588444, -0.09261334966066653]  player 2 weights[18, -18, -2.137704131793805, 0.05745157103774952, -18, -18, 18, 18, 0.03993034361710125, -0.18296438589404898]  Player1 score: 6383  Player2 score: 7618
player 1 weights[18, 18, 0.9250686920061093, 0.7512448000000016, -18, 18, -18, 18, 0.039999999998121503, -0.1773483371963123]  player 2 weights[18, -18, 18, 0.04290304000000001, -18, 18, 18, -18, 0.029981384032171342, -0.05599999999999972]  Player1 score: 6427  Player2 score: 7674
player 1 weights[18, 18, -0.03982663568992816, -0.0655521599604463, 18, -18, -18, -18, -0.1120113578547724, -0.10521088000041406]  player 2 weights[18, -18, -0.03737237443968413, -0.07763325239296001, 18, 18, -18, -18, -0.029680671785463075, -0.3581270476398952]  Player1 score: 6481  Player2 score: 7720
player 1 weights[-18, -18, -0.03952743387584732, -0.08332362249344666, -18, 18, -18, -18, -0.04002506474190159, -0.10379478488967384]  player 2 weights[18, -18, 18, -0.04000013988370555, -18, 18, 18, 18, -0.03577599999979656, -0.10456342197649096]  Player1 score: 6520  Player2 score: 7781
player 1 weights[-18, -18, 0.4689941795832652, -0.008000715653119994, 18, 3.298379878400016, 18, -18, -0.04010027399342565, -0.04014807416839026]  player 2 weights[18, -18, -7.331936269228933, -0.03996818764327814, -18, -18, 18, -18, -0.04000000000003832, -0.4033239039998901]  Player1 score: 6566  Player2 score: 7835
player 1 weights[-18, -18, -0.0253686523398596, 0.14835801483551742, -18, -18, 18, 18, -0.04000000000003069, -0.3609753941299506]  player 2 weights[18, -18, -0.2607744001113853, -0.07004298350863322, 18, -18, -18, 18, -0.08796519062604304, -0.04034776469798688]  Player1 score: 6618  Player2 score: 7883
player 1 weights[-18, -18, -0.03990323200012255, -0.028325297097393246, 18, -18, 18, -18, -0.058545679953108526, -0.13600451512895972]  player 2 weights[-18, 18, -0.0400050168915223, -0.040174356693941524, -18, 18, 18, -18, -0.0400132872079937, -0.40320435745794936]  Player1 score: 6667  Player2 score: 7934
player 1 weights[-18, -18, -18, 18, -18, 18, -18, -18, -0.03903778292890971, -0.22200006684755527]  player 2 weights[18, -18, -18, 18, -18, 18, 18, 18, -0.039958287003344486, -0.161259620139463]  Player1 score: 6706  Player2 score: 7995
player 1 weights[-18, -18, 3.5600000000000023, -0.05895420660814158, -18, 0.060246219078760405, -1.3046729138176036, -0.022233395200000016, -0.040000000097241535, -0.15443199615958086]  player 2 weights[-18, 18, -0.03999956129331424, -0.14982292226292004, 0.0005992533828285615, -18.04, 18, -18, -0.008007928101120866, -0.11200000037248992]  Player1 score: 6749  Player2 score: 8052
player 1 weights[18, 18, -3.6400000000000006, 0.8978330954498089, -0.04000325066162176, -0.7600000000000007, 18, -18, -0.047999999999999966, -0.1766891518237876]  player 2 weights[18, -18, 0.6800000000000006, -18.04, -18, 0.020466176000000003, 18, 18, -0.12548227346493623, -0.04859713972733392]  Player1 score: 6803  Player2 score: 8098
player 1 weights[-18, -18, 18, 18, -18, -18, 18, -18, -0.04000015648031741, -0.33818082382025494]  player 2 weights[-18, 18, 18, 16.589092005152782, -18, -18, -18, 18, -0.036198400000047905, -0.11818426249484781]  Player1 score: 6841  Player2 score: 8160
player 1 weights[-18, -18, -0.03999998156027909, -0.11957021246492387, -18, -18, 18, -18, -0.06193307188507893, -0.19536312879611017]  player 2 weights[-18, 18, -0.009518219182910688, -0.03998158202718908, 18, -18, 18, 18, -0.04691199170290475, -0.28794737639659607]  Player1 score: 6883  Player2 score: 8218
player 1 weights[18, 18, -0.2213985280000001, 0.5526579027480907, 18, 18, -18, 18, -0.01721487687245236, -0.03418393047248948]  player 2 weights[-18, 18, -0.04331719171898105, 8.282177822720012, 18, -0.04019353600000001, 18, -18, -0.035199989383218555, -0.122803506132179]  Player1 score: 6930  Player2 score: 8271
player 1 weights[18, 18, -0.036483247608303626, -12.962511360000022, 18, 1.6060236799999978, -18, -18, -0.05919974545083233, -0.1420018259948543]  player 2 weights[-18, 18, 1.5756744526850976, 0.011771965302795853, -2.2608256000000044, 18, -18, -18, -0.040000151628205215, -0.0809086394474715]  Player1 score: 6972  Player2 score: 8329
player 1 weights[18, 18, -0.00939803813478388, -0.0400126414618624, -18, 18, -18, -18, -0.040764712866973446, -0.24369868452764007]  player 2 weights[18, -18, -0.805049046630403, -0.04000002488160748, -18, -18, 18, -18, -0.04040926657467438, -0.5188407602818995]  Player1 score: 7027  Player2 score: 8374
player 1 weights[-18, -18, -18, 3.5264087027690554, 18, 18, 18, 18, 0.040000004068052486, -0.16480042143041626]  player 2 weights[18, -18, 0.6546545932719137, 0.7004492924889303, -18, -18, 18, 18, 0.038640699514965154, -0.663301312203245]  Player1 score: 7078  Player2 score: 8423
player 1 weights[-18, -18, 18, 0.023858253824000336, -18, -18, -18, -18, -0.00800015103317614, -0.12160192845151943]  player 2 weights[18, -18, 18, 18, -18, -18, 18, -18, -0.04002513257996505, -0.19788844158789057]  Player1 score: 7124  Player2 score: 8477
player 1 weights[-18, -18, -2.345198183912517, -0.03683904779716172, 18, -18, 18, -18, -0.025599999999601684, -0.03360063613732562]  player 2 weights[-18, 18, 0.6510449403399716, 10.846400040458406, 18, -18, 18, -18, -0.03999999908316224, -0.03200000656369395]  Player1 score: 7165  Player2 score: 8536
player 1 weights[-18, -18, -0.039999920215943216, -0.039998370088828804, 18, 18, 18, -18, -0.07399569613865045, -0.04626144437700285]  player 2 weights[-18, 18, -0.06384602824060866, -0.039999999186583694, 18, 18, 18, -18, -0.039999946917349545, -0.20960000193210881]  Player1 score: 7215  Player2 score: 8586
player 1 weights[18, 18, -0.21302205680968594, -0.009466243381448865, -5.338724723241793, 18, -18, -18, -0.03609778108494509, -0.19040404435281988]  player 2 weights[-18, 18, -0.09824124776048127, -0.018800413371452385, 0.6359003190276936, 14.181551910060215, 18, -18, -0.1212865480686058, -0.19054769165661004]  Player1 score: 7252  Player2 score: 8649
player 1 weights[-18, -18, -0.8798080000000008, -0.03514365754389725, -18, 18, 18, -18, -0.058892799829850566, -0.04511116217093134]  player 2 weights[18, -18, -0.03993762678165588, 0.045869450072788726, 18, 18, -18, -18, -0.040319999999640595, -0.08935796430750154]  Player1 score: 7298  Player2 score: 8703
player 1 weights[18, 18, -0.03407367358582027, -0.00807960593476903, -18, 0.5648000000000012, 18, 18, -0.069184000072577, -0.17373765434407673]  player 2 weights[-18, 18, -0.04137932026567902, 0.1088000603644336, -18, 18, -18, -18, -0.0352115758997592, -0.43706316091209135]  Player1 score: 7348  Player2 score: 8753
player 1 weights[-18, -18, 2.3605400330240007, -0.03926799418261505, 18, -18, 18, 18, -0.03987491144492648, -0.23200911409579175]  player 2 weights[18, -18, -0.040037782611819776, 0.08999168000000024, -18, -18, -18, 18, -0.09429290598400002, -0.20800051675227715]  Player1 score: 7392  Player2 score: 8809
player 1 weights[18, 18, -18, -0.04600141262500963, -18, 18, -18, 18, -0.039999999021151096, -0.04097245625627039]  player 2 weights[18, -18, -18, -18, 18, -18, -18, 18, -0.04000000000374241, -0.10721174994316059]  Player1 score: 7445  Player2 score: 8856
player 1 weights[18, 18, -18, 0.007818512942779495, -18, -18, 18, 18, 0.013116452161864946, -0.1170620917330748]  player 2 weights[-18, 18, -0.11851593728000015, -18, -18, -18, -18, -18, 0.007194089958731914, -0.0236517562536743]  Player1 score: 7484  Player2 score: 8917
player 1 weights[-18, -18, 0.09706856702417677, -0.0018714791469706532, -1.309789696000001, -12.740800000000016, 18, -18, -0.08992000320704593, -0.10202642789276621]  player 2 weights[18, -18, 0.11552000000000007, -0.00800000009633682, -10.621580800000004, -2.580160000000005, -18, -18, -0.10110648987493717, -0.11157134198480548]  Player1 score: 7524  Player2 score: 8977
player 1 weights[-18, -18, -0.0037202943999999905, -5.157917904994627, -18, 18, -18, -18, -0.06397097467583172, -0.1293695999996725]  player 2 weights[-18, 18, -0.48108455607854106, 0.4519011327999999, -18, 18, 18, 18, -0.10079913335768292, -0.193361736848568]  Player1 score: 7565  Player2 score: 9036
player 1 weights[-18, -18, -0.03999691813081517, -0.04831283200000003, -18, 18, 18, 18, -0.04479999999997998, 0.016254374272870215]  player 2 weights[18, -18, -0.03961583418584597, -0.04008471448225582, 18, -18, -18, -18, -0.03671081708789577, -0.0479575046281863]  Player1 score: 7610  Player2 score: 9091
player 1 weights[18, 18, 0.046773760000000025, 0.3361924092966918, 18, 18, 18, 18, 0.05686595867779049, 0.03911752775073769]  player 2 weights[-18, 18, 0.03769643997471986, 0.00032591586911758647, -18, 18, -18, -18, 0.06400002012371477, -0.00902980943873509]  Player1 score: 7654  Player2 score: 9147
player 1 weights[18, 18, -0.041567283281920005, -0.03587791012692948, 18, -18, -18, -18, -0.042303998470523886, -0.043732449674359436]  player 2 weights[-18, 18, -0.03998719888718497, 0.26031149436286305, 18, -18, -18, -18, -0.03999999956432557, -0.02096618795191301]  Player1 score: 7700  Player2 score: 9201
player 1 weights[18, 18, -0.0400000000000283, -0.04000463328041478, 18, -18, -18, -18, -0.09398271999632068, -0.04007655670111488]  player 2 weights[-18, 18, -0.03999999999955587, -0.03998834248333522, -18, 18, 18, -18, -0.040000000000000015, -0.17916171305196774]  Player1 score: 7746  Player2 score: 9255
player 1 weights[-18, -18, 0.03997975793404697, 0.0400774777697601, 18, -18, 18, -18, 0.04000000235812183, 0.010346433056339848]  player 2 weights[18, -18, 0.030814022043254504, 0.022665498271269194, 18, 18, -18, 18, 0.04198180863999203, -0.09871325580574031]  Player1 score: 7790  Player2 score: 9311
player 1 weights[-18, -18, -18, 15.080000000000002, 18, 18, -18, -18, -0.11891200561585938, -0.18178905508999513]  player 2 weights[18, -18, 18, -5.080000000000004, 18, -18, 18, -18, -0.10272209997116305, -0.1503999987802238]  Player1 score: 7836  Player2 score: 9365
player 1 weights[-18, -18, -0.04209159945231241, -0.04402915889672675, 18, -18, 18, -18, -0.044972161386823, -0.15305768936029857]  player 2 weights[-18, 18, -0.03998995199812711, -0.013872450611783504, 18, -18, -18, -18, -0.08780253006153055, -0.20012211133262092]  Player1 score: 7873  Player2 score: 9428
player 1 weights[-18, -18, -0.03999873994636467, -0.04695669310278861, -18, 18, -18, -18, -0.039363978692181216, -0.04011568666312958]  player 2 weights[-18, 18, -0.04019531776050342, -0.046801736922737466, 18, -18, 18, -18, -0.04000001059717095, -0.06315986684244018]  Player1 score: 7917  Player2 score: 9484
player 1 weights[18, 18, 0.03996722387914714, 0.04000929007474774, -18, 18, 18, 18, 0.055360013823594165, 0.15679963764185606]  player 2 weights[18, -18, 0.03986234852638762, 0.04003907625095077, 18, -18, 18, 18, 0.06399999852287251, 0.14354330693823802]  Player1 score: 7963  Player2 score: 9538
player 1 weights[-18, -18, -0.7913317310464022, -0.09340327443110268, -0.3105782803104301, -10.84, -18, 18, -0.07170054193374768, -0.10196641766032094]  player 2 weights[18, -18, -0.0017096224539258145, -0.06548315087213916, -16.024000000000015, -2.2000845561856064, -18, -18, -0.08027647998782905, -0.1107055570717881]  Player1 score: 8016  Player2 score: 9585
player 1 weights[18, 18, -0.03997419813393288, -0.07457140071678121, 18, 18, -18, -18, -0.03999999999999965, -0.0405737268979704]  player 2 weights[-18, 18, -0.04221182792439375, -0.040553527152584444, 18, -18, 18, 18, -0.045568008682258895, -0.03992088427276474]  Player1 score: 8062  Player2 score: 9639
player 1 weights[-18, -18, -18, -0.039965195445903184, 18, 18, -18, 18, -0.04000000493271949, -0.07338605186963322]  player 2 weights[18, -18, -0.040000001123399916, -18.04, -18, -18, 18, 18, -0.06847999991198359, -0.00670452339351979]  Player1 score: 8112  Player2 score: 9689
player 1 weights[18, 18, -0.040320331772324684, 0.047915440821105465, 18, -2.3728, 18, 18, -0.07982084088569921, -0.09866263060220062]  player 2 weights[-18, 18, -0.05769934680145142, -0.0451713767390744, -0.037581352959999995, 9.032000000000004, -18, -18, -0.062753345536, -0.11245685555199422]  Player1 score: 8158  Player2 score: 9743
player 1 weights[18, 18, 18, -18, 18, -18, -18, 18, -0.0416619536418468, -0.10061904491380903]  player 2 weights[18, -18, -18, -18, 18, -18, 18, -18, -0.007999999929783973, -0.21474383675512607]  Player1 score: 8201  Player2 score: 9800
player 1 weights[18, 18, -0.04005779005216087, -0.04010671253996752, -18, 18, 18, -18, -0.016013931405355435, -0.03447125529339926]  player 2 weights[18, -18, -0.03999855844724765, -0.04321049147273685, 18, -18, 18, 18, -0.04000033435382526, -0.008664125188068424]  Player1 score: 8247  Player2 score: 9854
player 1 weights[-18, -18, -0.03998735853813761, -18.04, 18, -18, 18, 18, -0.04007156886660928, -0.024371199766527483]  player 2 weights[-18, 18, 18, -0.14077696000000015, 18, 18, 18, 18, -0.034702340914728236, -0.0460113860691161]  Player1 score: 8299  Player2 score: 9902
player 1 weights[18, 18, 0.054729018489545714, 0.003743080779205897, 18, 18, 18, -18, 0.024946998646444417, 0.03999725702568803]  player 2 weights[-18, 18, 0.03999980827588545, 0.04004010980558517, -18, 18, 18, 18, 0.04000000000000001, 0.009794375215682532]  Player1 score: 8348  Player2 score: 9953
player 1 weights[18, 18, -0.03999792617304874, -0.41907754668666847, 18, 18, -18, 18, -0.03999893011787144, -0.26618675363803923]  player 2 weights[-18, 18, -0.035085045759999996, -0.04447128604537964, -18, 18, -18, 18, -0.040009478900219206, -0.10458095625842662]  Player1 score: 8390  Player2 score: 10011
player 1 weights[-18, -18, -18, -8.900162303768067, 18, -18, -18, -18, -0.05728000454884265, -0.3935956750478753]  player 2 weights[18, -18, -4.761422970879999, -18, 18, 18, -18, -18, -0.06817227591354968, -0.2526746629597045]  Player1 score: 8438  Player2 score: 10063
player 1 weights[18, 18, -0.043520385456052045, -0.04538052911367284, -18, 18, 18, 18, -0.010470401244830833, 0.06052899903384186]  player 2 weights[18, -18, -0.02755914915925132, -0.040000484940247286, -18, -18, -18, -18, -0.039999216755130386, 0.06927720294857695]  Player1 score: 8491  Player2 score: 10110
player 1 weights[-18, -18, -0.08039440792341712, -0.02195665076224001, -18, 18, 18, 18, -0.04000006317835437, -0.201535406131331]  player 2 weights[18, -18, -0.03996416824402094, -0.008000875971715574, 18, -18, 18, 18, -0.11288995336277446, -0.16089033404764436]  Player1 score: 8542  Player2 score: 10159
player 1 weights[-18, -18, 3.5600000000000023, -10.84, 18, -3.6400000000000006, -18, -18, -0.015730131120656257, -0.037993671769989384]  player 2 weights[-18, 18, -0.7600000000000007, -18.04, -18, -0.12640000000000018, -18, -18, -0.013120101894150762, -0.23570537782074816]  Player1 score: 8597  Player2 score: 10204
player 1 weights[18, 18, 0.058632337833450045, 18, -18, -18, 18, 18, 0.03999883904942081, 0.015999660756341794]  player 2 weights[18, -18, 18, -0.16292540973397385, -18, -18, 18, -18, 0.016000000000000045, 0.037139121548167994]  Player1 score: 8653  Player2 score: 10248
player 1 weights[-18, -18, -0.1856000000000002, 1.369930308344574, 18, -2.78337280000001, 18, -18, -0.03808306490952909, -0.16823115815665043]  player 2 weights[18, -18, -0.03964993037727378, 10.736, 18, 18, -18, -18, -0.04000324992221293, -0.0720000001568453]  Player1 score: 8708  Player2 score: 10293
player 1 weights[-18, -18, 0.6800000000000006, -0.00614936119948644, 2.670013386752, 18, -18, -18, -0.07839187234283593, -0.11200033105490953]  player 2 weights[-18, 18, -0.039997240274527945, 6.44, 18, -0.08603392000000021, -18, -18, -0.11200000000000003, -0.19970196719780325]  Player1 score: 8753  Player2 score: 10348
player 1 weights[-18, -18, 18, -2.200000000000003, 18, 18, -18, 18, -0.017778702743499505, -0.24255965010025624]  player 2 weights[-18, 18, -15.16000000000001, 0.0637065107149557, 18, -18, -18, -18, -0.051840216225803426, -0.010998178787236655]  Player1 score: 8797  Player2 score: 10404
player 1 weights[18, 18, -0.02244241408000002, -0.04083021926132389, 18, 18, 18, -18, -0.05152001230493202, -0.13267235941501834]  player 2 weights[-18, 18, -0.04009709162935091, -0.04210385475231623, -18, 18, 18, 18, -0.0401380241198578, -0.14054382001721652]  Player1 score: 8850  Player2 score: 10451
player 1 weights[-18, -18, -0.039294976, -0.040131831951361524, 18, -18, -18, -18, -0.04000000000973954, -0.06784071748498467]  player 2 weights[-18, 18, -0.039997679643641794, -0.050156891373568005, 18, -18, -18, -18, -0.040025139620407005, -0.03999999999998346]  Player1 score: 8899  Player2 score: 10502
player 1 weights[18, 18, 0.040000387360167144, 0.040047983538995205, -18, 18, 18, -18, -0.07197538367397148, -0.20841190836438206]  player 2 weights[18, -18, -0.40644636146341057, 0.03948028642233579, 18, 18, 18, -18, -0.0307711997255498, -0.229636297402842]  Player1 score: 8959  Player2 score: 10542
player 1 weights[18, 18, -0.03904452534244228, -0.010239999999999971, 18, 18, 18, -18, -0.02974720183393972, -0.07060815889772425]  player 2 weights[-18, 18, -2.758492654695181, -0.029517569009649424, 18, -18, -18, -18, -0.007898267283252734, -0.2677407746379476]  Player1 score: 9008  Player2 score: 10593
player 1 weights[18, 18, -0.889853679677578, -0.10539388652579443, -18, -18, -18, -18, -0.03073819084230607, -0.09157077738069462]  player 2 weights[-18, 18, -0.0009806280176818567, 0.09313484799609348, 18, -8.676544000000016, -18, 18, -0.02324342785839961, -0.23114271426313604]  Player1 score: 9050  Player2 score: 10651
player 1 weights[-18, -18, 0.009647850068377518, 0.045857221879030484, 18, 18, -18, -18, 0.037386237706247105, -0.00019742463335226113]  player 2 weights[18, -18, 0.04004263914442637, 0.038954905600000006, -18, 18, 18, 18, 0.03977103474601759, -0.10833475260363576]  Player1 score: 9088  Player2 score: 10713
player 1 weights[-18, -18, 18, -18, -18, -18, 18, 18, 0.03999915820328226, -0.15038977915532403]  player 2 weights[-18, 18, -18, -18, 18, 18, 18, -18, 0.0399887944070357, -0.14629085103362938]  Player1 score: 9129  Player2 score: 10772
player 1 weights[18, 18, 0.1392336896002878, -2.8335404851199995, -18, -18, -18, 18, -0.06400000164282557, -0.059200000004435836]  player 2 weights[18, -18, 0.13456179124771403, -0.039852477130639254, -18, -18, -18, 18, -0.04041803776000001, -0.23071975616530704]  Player1 score: 9177  Player2 score: 10824
player 1 weights[-18, -18, -0.22370457540761657, 0.013476228863627905, 18, 4.159040000000001, -18, 18, -0.10402482812530744, -0.23969052834557086]  player 2 weights[18, -18, 0.011470460183980624, 0.2540187472477202, -0.002149887999999883, 17.96, 18, -18, -0.07360000349201216, -0.22080000000000172]  Player1 score: 9220  Player2 score: 10881
player 1 weights[-18, -18, -18, 18, -18, 18, 18, 18, -0.028480000000000005, -0.039382973952138946]  player 2 weights[-18, 18, 18, -0.3123051520000004, -18, -18, 18, 18, -0.040000000011898414, -0.008003643793142376]  Player1 score: 9271  Player2 score: 10930
player 1 weights[18, 18, -18, -18, -18, -18, -18, -18, 0.0256000008554258, 0.0472911841809696]  player 2 weights[18, -18, -18, -18, -18, 18, -18, 18, 0.05025280013710976, -0.26634510955833446]  Player1 score: 9317  Player2 score: 10984
player 1 weights[18, 18, -0.040173367271244466, -2.580160000000005, 18, -18, -18, -18, -0.059200231138570196, -0.07360001334103942]  player 2 weights[-18, 18, -0.7454387200000002, -0.04043873682244828, -18, 18, 18, 18, -0.08001152405982939, -0.09119999999987055]  Player1 score: 9358  Player2 score: 11043
player 1 weights[-18, -18, -0.17809928991038812, 0.04350548314949597, -18, -18, -18, -18, 0.032002786227093384, -0.3249115680332326]  player 2 weights[18, -18, 0.03825681406570644, 0.03996802776793505, 18, 18, -18, -18, 0.04014230524443086, 0.004235592879507907]  Player1 score: 9402  Player2 score: 11099
player 1 weights[-18, -18, 0.09807169785704932, -0.03946112885306749, -18, -18, 18, -18, -0.06422517963297034, -0.08268772993484445]  player 2 weights[18, -18, 0.25729884265397, -0.05266624915893043, -18, 18, 18, 18, -0.06092799597705555, -0.33439508725888456]  Player1 score: 9456  Player2 score: 11145
player 1 weights[18, 18, -0.38811411898280057, -0.040295413925021034, -0.038895185920000006, 18, 18, -18, -0.0400000002156858, -0.06489156985786709]  player 2 weights[18, -18, -0.03999995804954268, -0.059209734691191174, 18, 7.155474944000001, -18, 18, -0.031880636907103355, -0.040261213880320064]  Player1 score: 9503  Player2 score: 11198
player 1 weights[18, 18, 4.7956112686871775, 0.039389919730071984, -18, -18, -18, 18, 0.00864000257078723, 0.03978684284007367]  player 2 weights[-18, 18, 0.03891774310517459, 0.03380988124918047, 18, -18, -18, 18, 0.039999999999999994, -0.39556879632191644]  Player1 score: 9546  Player2 score: 11255
player 1 weights[18, 18, 3.0583680000000033, -0.009584059195064325, 18, -0.05036800000000001, -18, 18, -0.0404030944658466, -0.11840007685281685]  player 2 weights[18, -18, -0.06688826496718572, -0.027292091753305214, 18, 18, -18, 18, -0.0555519992139594, -0.08497672417643037]  Player1 score: 9593  Player2 score: 11308
player 1 weights[18, 18, 0.03997180670577086, 0.09550312510042445, -18, -18, -18, 18, 0.01800689017766019, -0.37532735104532255]  player 2 weights[18, -18, 0.0400016551248225, 0.09286393373766996, -18, -18, -18, -18, -0.0013436710636391194, -0.22742263521461983]  Player1 score: 9635  Player2 score: 11366
player 1 weights[18, 18, -0.039838756864000006, -0.03935896812433071, 18, 18, -18, -18, -0.06890598375538974, -0.22688767999999998]  player 2 weights[18, -18, 0.027604098015610708, -0.0803305358351186, 18, 18, -18, -18, -0.04000015045920126, -0.15047186463633433]  Player1 score: 9671  Player2 score: 11430
player 1 weights[-18, -18, 0.32288000000000017, 0.38870029072990264, 18, -18, -18, 18, -0.03951388186592288, -0.1933787198724524]  player 2 weights[-18, 18, 12.6608, -0.02887954285628263, -18, 18, -18, 18, -0.03971931942725426, -0.1608263270601111]  Player1 score: 9713  Player2 score: 11488
player 1 weights[-18, -18, 0.05919955856485908, 0.27045120000000034, 18, 18, -18, -18, 0.009279999933987686, -0.13282088027458605]  player 2 weights[-18, 18, 0.47664960743772744, 0.08548851443178038, 18, 18, 18, 18, 0.04000357788480252, -0.030399952454912782]  Player1 score: 9757  Player2 score: 11544
player 1 weights[18, 18, -0.022915622089523115, 0.12010321879369992, -18, -18, 18, 18, -0.05152009696717266, -0.04565767859295327]  player 2 weights[-18, 18, -2.277248512, -0.03930736986975552, 18, 18, -18, 18, -0.04067249639504297, -0.09532406675387642]  Player1 score: 9808  Player2 score: 11593
player 1 weights[-18, -18, -0.039850700800000007, -18.04, -18, 18, -18, -18, -0.043839999998415716, 0.01595875138396577]  player 2 weights[18, -18, 0.2865173504, 0.383263232, 18, 18, -18, -18, -0.03309018394530835, -0.0016000523224838081]  Player1 score: 9856  Player2 score: 11645
player 1 weights[-18, -18, -0.039999999927816915, -0.0403955480390997, 18, 18, -18, -18, -0.02387199995342388, -0.09131345412160047]  player 2 weights[-18, 18, 18, -0.04005034130087165, -18, -18, 18, 18, -0.04000000493475747, -0.32337152067464836]  Player1 score: 9913  Player2 score: 11688
player 1 weights[18, 18, 0.40578065879266156, -0.0606712295747666, 18, 18, -18, -18, 0.045362161254399735, -0.29781503784351004]  player 2 weights[18, -18, 18, -0.8430461760626999, 18, 18, -18, -18, 0.015672293968741945, -0.02013677373099798]  Player1 score: 9959  Player2 score: 11742
player 1 weights[18, 18, 0.04055286179472321, 0.03999999677622652, -18, -18, 18, -18, 0.035278804549797024, -0.04483552952320001]  player 2 weights[18, -18, 0.03999957549981577, 0.048870401435965674, -18, 18, -18, 18, 0.0330841375365995, -0.050023258867334414]  Player1 score: 10003  Player2 score: 11798
player 1 weights[-18, -18, -0.7600000000000007, -18.04, -18, -18, -18, 18, -0.00116202029077183, -0.056506617869034506]  player 2 weights[18, -18, -0.01823217664, 10.760000000000002, 18, 18, 18, -18, -0.040298489901832206, -0.11906331568306738]  Player1 score: 10058  Player2 score: 11843
player 1 weights[18, 18, -0.04527706178042254, 0.0031116768051200755, -18, 18, 18, 18, -0.11200000244545884, -0.14853654056874882]  player 2 weights[18, -18, -18, -3.928, 18, 18, -18, -18, -0.037442560111546154, -0.09674893364464614]  Player1 score: 10111  Player2 score: 11890
player 1 weights[18, 18, -18, 0.04000103370966249, -18, 18, -18, 18, 0.03587770379947973, -0.03840297632937875]  player 2 weights[18, -18, 0.038595400234012305, -18, -18, 18, -18, -18, 0.009089671768834087, -0.057599748489292515]  Player1 score: 10151  Player2 score: 11950
player 1 weights[18, 18, -0.039247532739353594, -0.1585622901764424, -18, 18, -18, 18, -0.05416981122828704, -0.040164033264380374]  player 2 weights[-18, 18, -0.04171520417707945, -0.0716058793334848, 18, 18, -18, 18, -0.02118400000000157, -0.1919999993071054]  Player1 score: 10196  Player2 score: 12005
player 1 weights[-18, -18, 18, -18, 18, -18, 18, 18, 0.0357068799995989, 0.039415367869508784]  player 2 weights[-18, 18, 18, 0.04, 18, 18, 18, 18, 0.04000000000028532, 0.10726732603148749]  Player1 score: 10245  Player2 score: 12056
player 1 weights[18, 18, 18, -0.037096960000000005, -18, 18, 18, 18, -0.035576090676460094, -0.0459640507844544]  player 2 weights[18, -18, -18, -0.11750617920779749, 18, -18, 18, -18, -0.03999999998544362, -0.07232312740547901]  Player1 score: 10299  Player2 score: 12102
player 1 weights[-18, -18, -18, -18, -18, -18, -18, -18, 0.039999914993536514, 0.04000000000020123]  player 2 weights[18, -18, -18, -18, 18, -18, -18, -18, 0.04000000000000001, 0.0668798545547114]  Player1 score: 10346  Player2 score: 12155
player 1 weights[18, 18, -0.05630499473469945, -0.03928195710976196, 18, -18, -18, 18, -0.038911692096083056, -0.07733199853423975]  player 2 weights[-18, 18, -0.040072972140544005, -0.04556769011453587, 18, 18, -18, 18, -0.059200002815741615, -0.1488005474282445]  Player1 score: 10394  Player2 score: 12207
player 1 weights[18, 18, 18, 0.007288866228240813, -18, -18, -18, 18, -0.052096015720904144, -0.10543427990718063]  player 2 weights[18, -18, -0.03677318638213982, -0.039999996106757515, -18, 18, -18, -18, -0.0578038405857399, -0.10164212113563335]  Player1 score: 10441  Player2 score: 12260
player 1 weights[18, 18, -0.05246900327776434, -0.041017148600092736, -0.0782680897428505, 18, 18, 18, -0.040023992978805996, -0.25761498433304664]  player 2 weights[18, -18, -0.03990668280295373, -0.039183610347520006, -18, 18, -18, -18, -0.08814511833035839, -0.38451537251710843]  Player1 score: 10487  Player2 score: 12314
player 1 weights[18, 18, 4.15904, -0.05812381699374601, -18, -18, 18, -18, -0.024947200727815377, -0.34400012911661026]  player 2 weights[18, -18, 0.007029248000000016, -16.358393093864024, 18, 18, 18, -18, -0.03959996805109198, -0.07277378162049941]  Player1 score: 10523  Player2 score: 12378
player 1 weights[-18, -18, -0.04000000018030291, -0.020864311421929363, 18, -18, -18, 18, -0.059199997792798, -0.047999701032628704]  player 2 weights[18, -18, -0.04116028494304401, -0.04012348504506406, 18, -18, -18, -18, -0.06732799999999964, -0.09516492858191777]  Player1 score: 10568  Player2 score: 12433
player 1 weights[18, 18, -0.04000758487711745, -0.3423308799999999, 18, -18, -18, 18, -0.040298545499143926, -0.05962460400699807]  player 2 weights[-18, 18, -0.0399612928, -0.10046617600000009, 18, -18, -18, 18, -0.03999999997826754, -0.0720037401164074]  Player1 score: 10620  Player2 score: 12481
player 1 weights[-18, -18, -0.03999578617937921, -0.0384102531862963, -18, -18, -18, -18, -0.06399988625983624, -0.16937879236511957]  player 2 weights[-18, 18, -0.03995243623782975, -0.04071519679758862, 18, 18, 18, 18, -0.04773029746955845, -0.20900237431237695]  Player1 score: 10671  Player2 score: 12530
player 1 weights[-18, -18, -18, -18, 18, -18, -18, -18, 0.0405761803694859, -0.046940259005827434]  player 2 weights[18, -18, -18, 18, 18, 18, 18, -18, 0.03992260344948323, 0.058175293835254945]  Player1 score: 10710  Player2 score: 12591
player 1 weights[-18, -18, 18, 18, 18, 18, -18, -18, -0.0067770685468744665, -0.044809989991774365]  player 2 weights[-18, 18, -18, -18, -18, -18, 18, -18, 0.040000000000876126, -0.18091220055076504]  Player1 score: 10753  Player2 score: 12648
player 1 weights[18, 18, 0.037150815511065395, 0.0472016978524217, 18, -18, -18, -18, 0.03585279998010423, 0.03956464519712577]  player 2 weights[-18, 18, 0.038290462758614655, 1.079104000000001, 18, -18, -18, -18, 0.04000000000000001, -0.11570084546239365]  Player1 score: 10808  Player2 score: 12693
player 1 weights[-18, -18, 18, 0.5480320000000009, -18, 18, -18, -18, 0.04071738367496818, 0.04298599378793426]  player 2 weights[18, -18, -18, 0.3572608000000005, -18, -18, -18, -18, 0.05280000339546614, -0.03353349839184441]  Player1 score: 10854  Player2 score: 12747
player 1 weights[-18, -18, -0.030066158929446616, -0.04823627605125314, 18, -13.447503341820317, 18, -18, -0.06584198422525542, -0.27360001327906713]  player 2 weights[-18, 18, -0.04009893096235469, -0.046218316773442875, -18, -18, -18, -18, -0.08254755379898289, -0.2553961750815615]  Player1 score: 10907  Player2 score: 12794
player 1 weights[-18, -18, -0.061506090943164386, -0.04022843564503447, -18, -18, -18, 18, -0.04748800002578541, -0.25667220407987756]  player 2 weights[18, -18, -18, -0.04000784546726817, 18, -18, 18, 18, -0.05910582369587167, -0.047999785754896135]  Player1 score: 10954  Player2 score: 12847
player 1 weights[18, 18, 18, -18, -18, 18, -18, 18, -0.036774400061113655, -0.06137555768505201]  player 2 weights[-18, 18, -18, -0.040124657390535105, -18, -18, -18, -18, -0.04479999965771391, -0.033721128874323034]  Player1 score: 10996  Player2 score: 12905
player 1 weights[-18, -18, -0.7600000000000007, -2.229070121547011, 7.580480000000001, -0.12640000000000018, 18, -1.9580800000000034, -0.04062208032825056, -0.14505165755894647]  player 2 weights[18, -18, -0.5065600000000003, 5.997721451593674, -8.337856000000013, -0.7600000000000007, 18, -18, -0.0352000974199859, -0.0415999996509057]  Player1 score: 11036  Player2 score: 12965
player 1 weights[18, 18, 18, 0.19449431067740833, 18, 0.7346560000000026, 18, -18, 0.07999999856818305, 0.005084292629384701]  player 2 weights[18, -18, 0.01715655243757956, -18, 18, -18, 18, 18, 0.03633919998561817, 0.04769054524040908]  Player1 score: 11079  Player2 score: 13022
player 1 weights[-18, -18, 0.3575549776400604, 0.2993134592000003, 18, -18, 18, 18, -0.08288001300267447, -0.1557147706775595]  player 2 weights[18, -18, -0.03598645162104328, -0.039995673645150116, 18, -18, -18, -18, -0.07474984959984933, -0.09144640505693846]  Player1 score: 11130  Player2 score: 13071
player 1 weights[18, 18, 18.610502054105133, -1.6728124825599995, -18, 18, 18, 18, -0.07195279421726225, -0.39450011104992766]  player 2 weights[18, -18, 4.272824659113571, -0.04022456413240942, 18, 18, 18, 18, -0.06903386580059094, -0.13469099505518567]  Player1 score: 11179  Player2 score: 13122
player 1 weights[-18, -18, -10.115290624000014, -2.3728, -18, 18, 18, -18, -0.02080000898762606, -0.07854571028961377]  player 2 weights[18, -18, -0.04648197406720002, 0.4265600000000001, 18, 18, -18, -18, -0.039999999995688186, -0.03137373069758875]  Player1 score: 11228  Player2 score: 13173
player 1 weights[18, 18, 18, 1.0486400000000033, 18, 18, -18, -18, -0.03999582388053545, -0.10179022590149651]  player 2 weights[-18, 18, -18, 3.8480000000000074, -18, 18, 18, -18, -0.04238079994596255, -0.41657600005928985]  Player1 score: 11270  Player2 score: 13231
player 1 weights[18, 18, -0.040270950400000005, -0.037752451276472324, -18, 18, -18, 18, -0.06385483475609435, -0.04083298893554898]  player 2 weights[-18, 18, -0.039999849700821835, -0.03972230348866807, 18, -18, -18, -18, -0.040000000000002166, -0.32394635561841045]  Player1 score: 11330  Player2 score: 13271
player 1 weights[18, 18, -0.03999980019249291, -0.042314414367646054, 18, -18, -18, -18, -0.04376646287360014, -0.155204317908064]  player 2 weights[-18, 18, -0.04243855360000001, -0.04267794989056, 18, 18, 18, 18, -0.0399999951563023, -0.10795842696203273]  Player1 score: 11378  Player2 score: 13323
player 1 weights[-18, -18, -0.03274405888, 10.759999999999998, -18, 18, 18, -18, -0.03998996709349427, -0.07840000077503353]  player 2 weights[18, -18, -0.4720000000000004, -2.8222320617884975, 18, 18, -18, -18, -0.06903312993163527, -0.03292889994344408]  Player1 score: 11424  Player2 score: 13377
player 1 weights[-18, -18, 18, -0.026514005293268972, -18, -18, 18, -18, -0.03977605120000001, 0.06719999978515087]  player 2 weights[18, -18, -18, 11.8182473986064, 18, 18, -18, -18, 0.02399997796902864, -0.031999415016503226]  Player1 score: 11470  Player2 score: 13431
player 1 weights[-18, -18, -0.07031831756800001, -2.6993689600000037, -18, -18, 18, 18, -0.0777779201541558, -0.35040313206998186]  player 2 weights[-18, 18, -0.046816555081820546, -0.04546325328416711, -18, 18, 18, 18, -0.11200621369592734, -0.23588974224957038]  Player1 score: 11513  Player2 score: 13488
player 1 weights[18, 18, -0.04922577297276956, 0.030766865764891252, -0.04080743626112878, -18, -18, 18, -0.04012677580282088, -0.17342530434721798]  player 2 weights[-18, 18, -0.02391368550073767, -0.039267287889257714, -18, -1.780082176000002, 18, -18, -0.06377680349865261, -0.23373945021412362]  Player1 score: 11560  Player2 score: 13541
player 1 weights[18, 18, 18, -18, -18, -18, -18, -18, 0.04027504072955605, -0.3106288733003295]  player 2 weights[18, -18, 18, 18, 18, -18, 18, 18, -0.009036800037985071, -0.18264427737528474]  Player1 score: 11607  Player2 score: 13594
player 1 weights[-18, -18, 0.03999946305981638, 0.0940057600000001, 18, 18, 18, -18, 0.01776640001694184, 0.031994196428715434]  player 2 weights[-18, 18, 0.04026823244287837, -0.21212819455999998, -18, 18, 18, -18, 0.0352000000109102, -0.00627069148886128]  Player1 score: 11657  Player2 score: 13644
player 1 weights[18, 18, -18, 18, -18, 18, 18, 18, -0.06267158626016153, -0.35454515415070986]  player 2 weights[18, -18, -18, 18, 18, -18, -18, 18, -0.037119622182431825, -0.26864810500564856]  Player1 score: 11697  Player2 score: 13704
player 1 weights[-18, -18, -0.039906433330147345, -0.04317863020613667, 18, -18, 18, 18, -0.0428800619173777, -0.239962459355961]  player 2 weights[18, -18, -0.6015472842675055, -0.03994426907198151, -18, -18, 18, -18, -0.07045171199924141, -0.053998449213434996]  Player1 score: 11742  Player2 score: 13759
player 1 weights[-18, -18, -18, -0.052276354508579495, -18, -18, -18, -18, -0.05209477314478235, -0.0009233688717403682]  player 2 weights[-18, 18, 1.3808424597111661, 1.7607626106857335, -18, -18, 18, -18, -0.006758469909839845, 0.021775792672561675]  Player1 score: 11787  Player2 score: 13814
player 1 weights[-18, -18, -7.038399999999999, -1.8544000000000034, -2.6289081821102127, 18, -18, -18, -0.039623182271921166, -0.12800004625860936]  player 2 weights[18, -18, 18, 17.96, 18, 1.3426598912000023, -18, -18, -0.061117910288957446, -0.20992409657088407]  Player1 score: 11836  Player2 score: 13865
player 1 weights[18, 18, -0.03923202235039743, -0.010807316479999995, 4.1936000000000035, 17.96, 18, -4.273600000000004, -0.07999884952696018, -0.4606719990842904]  player 2 weights[-18, 18, -0.04640154134391378, -0.020794428001849913, -18, 2.120000000000002, -7.660480000000003, -0.6448000000000012, -0.06358183138324763, -0.38625849275432683]  Player1 score: 11882  Player2 score: 13919
player 1 weights[18, 18, 18, 18, 18, -18, 18, 18, -0.03905941504000004, -0.2602460531477747]  player 2 weights[-18, 18, 18, -18, -18, -18, -18, 18, -0.026981175587305166, -0.0923326118067354]  Player1 score: 11922  Player2 score: 13979
player 1 weights[-18, -18, -0.02599721199759085, -0.03297471298479775, -18, -0.02548479999999998, 18, -18, -0.016001498062743584, -0.5384088170488496]  player 2 weights[18, -18, -0.03989422956315145, 6.44, 18, -18, 18, -18, -0.04260620761234777, -0.6526899037783961]  Player1 score: 11970  Player2 score: 14031
player 1 weights[18, 18, -18, 0.040800727039999936, 18, 18, -18, 18, -0.04000000262013691, -0.2077588476062282]  player 2 weights[18, -18, -0.04714974863609039, 18, -18, -18, -18, 18, -0.04022133440614626, -0.13097854279471505]  Player1 score: 12019  Player2 score: 14082
player 1 weights[18, 18, -0.0359689216, 0.007762090037370203, -18, 18, -18, 18, -0.028483011290268867, -0.15428942783156657]  player 2 weights[18, -18, -0.04585783769471926, -0.059885591756800007, 18, -18, 18, -18, -0.02087471247919343, -0.1297024013042452]  Player1 score: 12061  Player2 score: 14140
player 1 weights[-18, -18, 7.016000000000007, -0.03615999954163397, 18, 18, -18, -18, -0.04000000023899397, -0.2970668345176929]  player 2 weights[-18, 18, -0.039713335625395974, -0.2223426606308474, -18, -18, -18, -18, -0.040052242770076775, -0.24972054370172758]  Player1 score: 12101  Player2 score: 14200
player 1 weights[-18, -18, 0.039999970634471756, 0.03995474832453807, 18, -18, -18, 18, 0.014078818398216442, -0.03200000045842266]  player 2 weights[18, -18, 0.07115396860621193, 0.03999686879032597, 18, -18, -18, 18, -0.0051199999999999996, -0.059939043009036574]  Player1 score: 12144  Player2 score: 14257
player 1 weights[-18, -18, -0.04102297600000001, 0.5083837068408265, 18, -18, -18, -18, 0.0027141119898488747, -0.03200000001474552]  player 2 weights[18, -18, 18, -0.05093650795834902, 18, -18, -18, 18, -0.027519999906408618, -0.04185840002091053]  Player1 score: 12186  Player2 score: 14315
player 1 weights[18, 18, 0.042301888571134226, -0.04834694160327268, 18, 0.21920000000000073, -18, 18, -0.040052389241310916, -0.1605417770116754]  player 2 weights[18, -18, -0.035965491773353585, -0.05759950779891154, 1.0792961024000014, 3.5600000000000023, -18, 18, -0.057280024563768836, -0.2541920567063496]  Player1 score: 12227  Player2 score: 14374
player 1 weights[-18, -18, -0.026604468685652142, -0.04001299921408426, -18, -18, -18, -18, -0.027519999996098863, 2.949696380450534e-05]  player 2 weights[-18, 18, -0.03985909554386247, -0.03989048596406374, 18, 18, -18, -18, -0.03999933536304429, -0.025723275889542478]  Player1 score: 12273  Player2 score: 14428
player 1 weights[18, 18, -10.275894579200022, 0.041741824000000004, 18, -18, 18, -18, 0.03520002862778315, 0.07117294973459548]  player 2 weights[-18, 18, 17.233157632000033, 0.034774528, -18, -18, 18, 18, 0.09570560032870692, 0.005096438982113663]  Player1 score: 12314  Player2 score: 14487
player 1 weights[-18, -18, 18, 4.966525349122188, 18, -18, -18, 18, -0.03611924918320741, -0.04138787488124166]  player 2 weights[-18, 18, 19.51486286859699, 18, 18, 18, -18, 18, -0.04000000006326996, -0.2950909425942331]  Player1 score: 12357  Player2 score: 14544
player 1 weights[18, 18, -0.03648163433813115, 0.31762496769547166, 1.5925867519999999, 17.96, -18, -18, -0.0564394803200004, -0.38781229396825034]  player 2 weights[18, -18, -0.1103944081464745, 0.011834553498337293, -19.480000000000004, 17.96, -18, 18, -0.040403106965003155, -0.16425360912861597]  Player1 score: 12405  Player2 score: 14596
player 1 weights[-18, -18, -0.05765025378053246, 0.011607792503344351, -0.016490750771199995, -10.84, -18, -18, -0.06667880319945209, -0.2156009361622743]  player 2 weights[18, -18, -0.036908163535644065, 0.047992068671880814, 0.3126387384319999, 10.759999999999998, 18, -18, -0.061312000000422494, -0.26294502259153674]  Player1 score: 12450  Player2 score: 14651
player 1 weights[18, 18, -5.258902459487431, -0.31357046079934847, -18, -18, 18, -18, 0.01579675324063845, -0.18611892368517946]  player 2 weights[-18, 18, 18, 0.04000132139544945, 18, -18, 18, -18, -0.02527999915111162, -0.09435253619411324]  Player1 score: 12498  Player2 score: 14703
player 1 weights[-18, -18, -0.04050996639575102, -0.025116749640839778, 18, 18, -18, 18, -0.03769600092600789, -0.20438749743652418]  player 2 weights[-18, 18, 0.06973491200000004, 1.404178182322653, 18, 18, 18, 18, -0.04096003982857761, -0.11571599272719996]  Player1 score: 12543  Player2 score: 14758
player 1 weights[18, 18, 18, -18, 18, 18, 18, -18, -0.04000022755550383, -0.2257427619690744]  player 2 weights[18, -18, 18, 18, -18, 18, 18, 18, -0.05556943638875282, -0.13778227251488973]  Player1 score: 12579  Player2 score: 14822
player 1 weights[18, 18, 0.003130238896701526, 0.21759303680000033, 18, 18, 18, -18, -0.08480000356530562, -0.07637998471640352]  player 2 weights[18, -18, -0.04377546752, -0.108839936, -18, -4.273600000000004, -18, 18, -0.040000640978363984, -0.13569644211870632]  Player1 score: 12625  Player2 score: 14876
player 1 weights[18, 18, -1.8957238476800027, -2.6700133867520033, -18, -18, 18, 18, 0.04000141246807875, 0.0398161828228652]  player 2 weights[18, -18, 0.3292279522263042, 0.030231851007999987, -18, -18, 18, -18, 0.03999999594355517, -0.02642997496856289]  Player1 score: 12673  Player2 score: 14928
player 1 weights[-18, -18, 0.040035879918148734, 0.07168071819684452, 18, 0.011782451199999941, -18, -18, 0.014472281833248776, -0.20035693791830886]  player 2 weights[18, -18, 0.04009854609338312, 0.05845605627738386, -3.0135047954432124, 0.16096000000000021, 18, -18, -0.02142685607556169, -0.08019198720459456]  Player1 score: 12722  Player2 score: 14979
player 1 weights[18, 18, 0.07090944000000021, 0.8296624631358981, 2.6809779199999997, -0.7600000000000007, 18, 18, -0.08000000071920907, -0.022469865029543325]  player 2 weights[-18, 18, -1.3359999999999994, 0.21619801505792033, -18, 3.5600000000000023, -18, -18, -0.06697247569119179, -0.33203849856361023]  Player1 score: 12768  Player2 score: 15033
player 1 weights[-18, -18, 0.38326323200000023, -0.6448000000000005, -18, -18, 18, 18, -0.03990640383383198, -0.20010044800514182]  player 2 weights[18, -18, -2.156316160000002, 2.120000000000001, -18, -18, 18, -18, -4.1794220451862873e-05, -0.4332209069536925]  Player1 score: 12812  Player2 score: 15089
