player 1 weights[-18, -0.25, -0.25, 5.75, -0.25, 1.5, -0.25, -0.25, -0.25, -0.4375]  player 2 weights[18, -18, 0.0, -0.25, -9.0, -0.25, -0.25, -0.25, -0.25, 0.375]  Player1 score: 49  Player2 score: 52
player 1 weights[18, -0.25, -0.25, 2.625, -0.25, -0.25, -0.25, -18, 18, 0.5]  player 2 weights[-18, 18, -0.25, -0.25, -0.25, 18, -0.25, -0.25, 0.25, -0.25]  Player1 score: 107  Player2 score: 94
player 1 weights[-18, -0.25, 6.75, 3.5, -0.25, -0.25, -0.25, -0.25, -0.5, -0.25]  player 2 weights[-18, 18, 0.0, -0.25, -0.25, -0.25, -0.25, -0.25, -0.25, -0.5]  Player1 score: 154  Player2 score: 147
player 1 weights[18, -0.25, -2.5, -0.25, -0.25, 18, -0.25, -0.25, -0.25, 0.0]  player 2 weights[-18, 18, -0.25, 0.0, -0.25, -0.25, -0.25, -0.25, -0.25, -0.5]  Player1 score: 205  Player2 score: 196
player 1 weights[-18, -0.25, -0.25, -0.25, -0.25, -0.25, -0.25, -0.25, -0.25, -0.25]  player 2 weights[18, -18, -18, -0.25, -0.25, -0.25, -0.25, -0.25, -0.25, -0.25]  Player1 score: 257  Player2 score: 244
player 1 weights[-18, -0.25, -0.25, -0.25, -0.25, -0.25, -0.25, -0.25, -0.25, -0.25]  player 2 weights[-18, 18, -0.25, 0.5, -0.25, -0.25, -0.25, -0.25, -0.25, -0.25]  Player1 score: 304  Player2 score: 297
player 1 weights[18, -0.25, -0.25, -0.25, -0.25, -0.25, -0.25, -0.25, -0.25, -0.25]  player 2 weights[18, -18, -0.25, 8.5, -0.25, -0.25, -0.25, -0.25, -0.25, -0.25]  Player1 score: 354  Player2 score: 347
player 1 weights[18, -0.25, 6.75, -0.25, -0.25, -0.25, -0.25, -0.25, -0.25, -0.25]  player 2 weights[-18, 18, -0.25, -0.25, -0.25, -0.25, -0.25, -0.25, -0.25, -14.625]  Player1 score: 407  Player2 score: 394
player 1 weights[18, 0.25, 0.25, 0.25, 0.25, 0.25, 0.25, 0.25, 0.25, 0.25]  player 2 weights[-18, 18, 0.25, 0.25, 0.25, 0.25, 0.25, 0.25, 0.25, 0.25]  Player1 score: 459  Player2 score: 442
player 1 weights[18, 0.25, 0.25, 0.25, 0.25, 0.25, 0.25, 0.25, 0.25, -17.75]  player 2 weights[18, -18, 0.25, 0.25, 0.25, 0.25, 0.25, 0.25, 0.25, 2.0]  Player1 score: 510  Player2 score: 491
player 1 weights[18, -0.25, -0.25, -0.25, -0.25, -0.25, -0.25, -0.25, -0.25, -0.25]  player 2 weights[18, -18, -0.25, -0.25, -0.25, -0.25, -0.25, -0.25, -18.25, -0.25]  Player1 score: 560  Player2 score: 541
player 1 weights[18, -0.25, -0.25, -0.25, -0.25, 18, -0.25, -0.25, -0.25, -0.375]  player 2 weights[-18, 18, 6.75, 7.5, -0.25, -0.25, -0.25, -0.25, -0.25, 1.5]  Player1 score: 607  Player2 score: 594
player 1 weights[-18, -0.25, -0.25, -0.25, -0.25, -0.25, -0.25, -0.25, -0.25, -0.25]  player 2 weights[18, -18, -0.25, -0.25, -0.25, -0.25, -0.25, -0.25, -0.25, -0.25]  Player1 score: 661  Player2 score: 640
player 1 weights[-18, -0.25, 6.0, -0.25, -0.25, -0.25, -0.25, -0.25, -0.25, -0.25]  player 2 weights[-18, 18, -0.25, -0.25, -0.25, -18, -0.25, -0.25, -0.25, 0.0]  Player1 score: 718  Player2 score: 683
player 1 weights[-18, -0.25, -0.25, 0.0, -0.25, -0.25, -0.25, -0.25, -0.25, -0.25]  player 2 weights[18, -18, -0.25, -0.25, -0.25, -0.25, -0.25, -0.25, -0.25, -3.75]  Player1 score: 767  Player2 score: 734
player 1 weights[-18, -0.25, -0.25, 1.0625, -0.25, -0.25, -0.25, -0.25, -0.25, -0.5]  player 2 weights[18, -18, 0.375, -0.75, -0.25, -0.25, -0.25, -0.25, -0.25, -0.25]  Player1 score: 815  Player2 score: 786
player 1 weights[18, -0.25, -0.25, 0.0, -0.25, -0.25, -0.25, -0.25, -0.25, -0.25]  player 2 weights[18, -18, -0.25, -0.25, -0.25, -18, -0.25, -0.25, -0.25, -0.25]  Player1 score: 862  Player2 score: 839
player 1 weights[-18, -0.25, -0.25, -0.75, -0.25, -0.25, -0.25, -0.25, -0.25, -0.25]  player 2 weights[18, -18, -0.25, 0.625, -0.25, -0.25, -0.25, 18, -0.25, -0.375]  Player1 score: 917  Player2 score: 884
player 1 weights[-18, -0.25, -0.25, -0.25, -0.25, -0.25, -0.25, 18, -0.25, -0.25]  player 2 weights[18, 18, -0.25, 4.0, -0.25, -0.25, -0.25, 18, -0.25, -0.25]  Player1 score: 63  Player2 score: 38
player 1 weights[18, -0.25, -8.75, -0.25, -0.25, 17.75, -0.25, -0.25, 0.0, -0.25]  player 2 weights[18, 18, -0.25, 4.0, -0.25, 17.75, -0.25, 18, -0.25, 0.0]  Player1 score: 114  Player2 score: 87
player 1 weights[-18, -0.25, 4.25, -0.25, -0.25, -0.25, -0.25, -0.25, -0.25, -0.25]  player 2 weights[18, 18, -0.25, -0.25, -0.25, -0.25, -0.25, -0.25, -0.25, -2.0]  Player1 score: 167  Player2 score: 134
player 1 weights[-18, -0.25, -0.25, -0.25, -0.25, -0.25, -0.25, -0.25, 18, -0.25]  player 2 weights[-18, -18, -0.25, -0.25, -0.25, -0.25, -0.25, -0.25, -0.25, -0.25]  Player1 score: 222  Player2 score: 179
player 1 weights[-18, -0.25, -0.25, 0.75, -0.25, -0.25, -0.25, -0.25, -0.25, 17.75]  player 2 weights[18, 18, 6.0, -0.25, -0.25, -0.25, -0.25, -0.25, -0.25, -0.25]  Player1 score: 275  Player2 score: 226
player 1 weights[18, -0.25, -0.25, 0.0, -0.25, 17.75, -0.25, -0.25, -0.25, 0.625]  player 2 weights[18, 18, -6.75, -0.25, -18, -0.25, -0.25, -0.25, -0.25, 0.0]  Player1 score: 330  Player2 score: 271
player 1 weights[18, -0.25, -0.25, -0.25, -0.25, -0.25, -0.25, -0.25, -0.25, -0.375]  player 2 weights[18, 18, -0.25, -0.25, -0.25, -0.25, -0.25, -0.25, -0.25, -0.25]  Player1 score: 370  Player2 score: 331
player 1 weights[18, -0.25, -0.25, -0.25, -0.25, -0.25, -0.25, -0.25, -0.25, -0.25]  player 2 weights[-18, -18, -0.25, -0.25, -0.25, -0.25, -0.25, -0.25, -0.25, -0.25]  Player1 score: 409  Player2 score: 392
player 1 weights[18, -0.25, 18, -0.25, -0.25, -0.25, -0.25, -0.25, -0.25, -0.25]  player 2 weights[-18, -18, 18, 8.5, -0.25, -0.25, -0.25, -0.25, -0.25, -5.5]  Player1 score: 459  Player2 score: 442
player 1 weights[-18, -0.25, -0.25, 18, -0.25, -0.25, -0.25, -0.25, -0.25, 1.5]  player 2 weights[18, 18, -0.25, -0.25, -0.25, -0.25, -0.25, -0.25, -0.25, -0.25]  Player1 score: 505  Player2 score: 496
player 1 weights[-18, -0.25, -0.25, -0.25, -0.25, -0.25, -0.25, -18, -0.25, -0.25]  player 2 weights[-18, -18, -0.25, -0.25, -0.25, -0.25, -0.25, -0.25, -0.25, -0.25]  Player1 score: 558  Player2 score: 543
player 1 weights[18, -0.25, -2.0, -0.25, -0.25, -0.25, -0.25, -0.25, -0.25, -0.25]  player 2 weights[-18, -18, 18, 0.625, -0.25, -0.25, -0.25, -0.25, -0.25, -0.25]  Player1 score: 607  Player2 score: 594
player 1 weights[-18, -0.25, -0.25, -0.25, -0.25, 18, -0.25, -0.25, -0.25, -0.25]  player 2 weights[-18, -18, -0.25, -0.25, -0.25, -0.25, -0.25, -0.25, -0.25, -0.25]  Player1 score: 652  Player2 score: 649
player 1 weights[-18, -0.25, -0.25, -0.25, 18, -0.25, -0.25, -18, -0.25, -0.25]  player 2 weights[-18, -18, -0.25, -0.25, -0.25, -0.25, -0.25, -0.25, -0.25, -0.25]  Player1 score: 704  Player2 score: 697
player 1 weights[18, -0.25, -0.25, -0.25, -0.25, -0.25, -0.25, -0.25, -0.25, -0.25]  player 2 weights[18, 18, -0.25, -0.25, -0.25, -0.25, -0.25, -0.25, 17.75, -0.75]  Player1 score: 766  Player2 score: 735
player 1 weights[18, -0.25, 18, -0.25, -0.25, -0.25, -0.25, -0.25, -0.25, -0.25]  player 2 weights[18, 18, -0.25, -18.25, -0.25, -0.25, -0.25, -0.25, -0.25, 0.0]  Player1 score: 812  Player2 score: 789
player 1 weights[18, -0.25, -0.25, -0.25, -0.25, -0.25, -0.25, -0.25, -0.25, -0.125]  player 2 weights[-18, -18, -11.75, -0.25, -0.25, -0.25, -0.25, -0.25, -0.125, -1.125]  Player1 score: 863  Player2 score: 838
player 1 weights[-18, -0.25, -18, 0.625, -0.25, 1.5, -0.25, -0.25, -0.25, -0.4375]  player 2 weights[-18, -18, -2.0, -0.25, -0.25, -0.25, -0.25, -0.25, -0.25, -0.25]  Player1 score: 918  Player2 score: 883
player 1 weights[18, -0.25, -0.25, 18, -0.25, -0.25, -0.25, -0.25, -0.25, 0.0]  player 2 weights[-18, -18, 18, -0.25, -0.25, -0.25, -0.25, -0.25, -0.25, -0.25]  Player1 score: 977  Player2 score: 924
player 1 weights[18, -0.25, -0.25, -0.25, -0.25, -0.25, -0.25, -0.25, -0.25, -0.25]  player 2 weights[-18, -18, -0.25, -0.25, -18, -0.25, -0.25, -0.25, -0.25, -0.25]  Player1 score: 1031  Player2 score: 970
player 1 weights[18, -0.25, -3.75, -0.25, -0.25, -0.25, -0.25, -0.25, -0.25, 0.0]  player 2 weights[18, 18, 6.75, -18.25, -0.25, 17.75, -0.25, -0.25, -0.25, 2.625]  Player1 score: 1086  Player2 score: 1015
player 1 weights[18, -0.25, 18, -0.25, -0.25, -0.25, -0.25, -0.25, -0.25, -0.25]  player 2 weights[18, 18, -0.25, -0.25, -0.25, -0.25, -0.25, -0.25, -0.25, -0.25]  Player1 score: 1136  Player2 score: 1065
player 1 weights[18, -0.25, -4.625, -0.75, -0.25, -0.25, -0.25, -0.25, -0.25, -0.25]  player 2 weights[-18, -18, -0.25, 0.625, -0.25, 14.625, -0.25, -0.25, -0.25, -0.25]  Player1 score: 1189  Player2 score: 1112
player 1 weights[18, -0.25, -1.5, -0.25, -0.25, -0.25, -0.25, 18, -0.25, -0.25]  player 2 weights[-18, -18, -0.25, 0.0, -0.25, -0.25, -0.25, -18, -0.375, -0.25]  Player1 score: 1233  Player2 score: 1168
player 1 weights[-18, -0.25, -18, -9.0, -0.25, -0.25, -0.25, 18, -0.25, -0.25]  player 2 weights[18, 18, 18, -4.75, -0.25, -0.25, -0.25, -0.25, -0.25, -0.25]  Player1 score: 1287  Player2 score: 1214
player 1 weights[18, -0.25, 1.25, -0.25, -1.5, -0.25, -0.25, -0.25, -0.25, -0.25]  player 2 weights[18, 18, -0.25, -0.25, -0.25, 0.0, -0.25, 18, -0.375, -0.25]  Player1 score: 1336  Player2 score: 1265
player 1 weights[18, -0.25, -0.25, -0.25, -0.25, -0.25, -0.25, -0.25, -0.25, -0.25]  player 2 weights[-18, -18, -0.25, -0.25, -0.25, -0.25, -0.25, -0.25, -0.25, -0.25]  Player1 score: 1381  Player2 score: 1320
player 1 weights[-18, -0.25, -0.25, -0.25, -0.25, -0.25, -0.25, -0.25, -0.25, -0.25]  player 2 weights[18, 18, -0.25, -0.25, -0.25, -0.25, -0.25, -0.25, -0.25, -0.25]  Player1 score: 1435  Player2 score: 1366
player 1 weights[-18, -0.25, -0.25, -0.25, 18, -0.25, -0.25, -0.25, -0.25, -18.25]  player 2 weights[-18, -18, -0.25, -0.25, -0.25, -0.25, -0.25, -0.25, -0.25, -0.375]  Player1 score: 1498  Player2 score: 1403
player 1 weights[-18, -0.25, -1.5, -0.25, -0.25, -0.25, -0.25, -0.25, -0.375, 0.0]  player 2 weights[18, 18, -0.25, 0.0, -0.25, 5.625, -18, -0.25, 0.0, -0.375]  Player1 score: 1547  Player2 score: 1454
player 1 weights[-18, -0.25, -0.25, 17.75, -0.25, -0.25, -0.25, -0.25, -0.25, -0.25]  player 2 weights[18, 18, -0.25, 1.5, -0.25, -0.25, -0.25, -18, -0.25, -0.25]  Player1 score: 1601  Player2 score: 1500
player 1 weights[-18, -0.25, -16.0, -0.25, -0.25, 18, -0.25, -0.25, -0.25, -0.25]  player 2 weights[18, 18, -0.25, 1.5, -0.25, -0.25, -0.25, -0.25, -0.25, 1.75]  Player1 score: 1657  Player2 score: 1544
player 1 weights[-18, -0.25, -0.25, -0.25, -0.25, -0.25, -0.25, -0.25, -0.25, -2.0]  player 2 weights[18, 18, -0.25, -0.25, -0.25, -0.25, -0.25, -0.25, -0.25, -0.25]  Player1 score: 1701  Player2 score: 1600
player 1 weights[18, -0.25, -0.25, -0.25, -0.25, -0.25, -0.25, -0.25, 17.75, -0.5]  player 2 weights[-18, -18, 18, 1.5, 18, -0.25, -0.25, -0.25, -0.25, 0.625]  Player1 score: 1751  Player2 score: 1650
player 1 weights[-18, 0.25, 18, 0.25, 0.25, 0.25, 0.25, 0.25, 0.25, 0.25]  player 2 weights[-18, -18, 0.25, 16.0, 0.25, 0.25, 0.25, 0.25, 0.25, 0.25]  Player1 score: 1796  Player2 score: 1705
player 1 weights[-18, -0.25, -0.25, -0.25, -0.25, 18, -0.25, -18, 0.0, -0.25]  player 2 weights[18, 18, -0.25, -0.25, -0.25, 18, -0.25, -0.25, -0.25, 0.25]  Player1 score: 1847  Player2 score: 1754
player 1 weights[18, -0.25, 4.75, -0.25, -0.25, -0.25, -0.25, -0.25, -1.5, -0.25]  player 2 weights[-18, -18, -0.25, -0.25, -0.25, 18, -0.25, -0.25, -0.25, -1.5]  Player1 score: 1899  Player2 score: 1802
player 1 weights[18, -0.25, -0.25, 1.5, -0.25, 17.75, -0.25, -0.25, -0.25, -0.625]  player 2 weights[18, 18, -9.0, -0.25, -0.25, -0.25, -0.25, -0.25, -0.375, -0.25]  Player1 score: 1946  Player2 score: 1855
player 1 weights[18, 0.25, 0.25, 0.25, 0.25, 0.25, 0.25, 0.25, 0.25, 0.25]  player 2 weights[-18, -18, 0.25, -18, 0.25, 0.25, 0.25, 0.25, 0.25, 0.25]  Player1 score: 1997  Player2 score: 1904
player 1 weights[-18, -0.25, -0.25, -18.25, -0.25, -0.25, -0.25, -0.25, -0.25, -0.25]  player 2 weights[18, 18, -0.25, 0.0, -0.25, -0.25, -0.25, -0.25, -0.25, -0.25]  Player1 score: 2045  Player2 score: 1956
player 1 weights[18, -0.25, -0.25, -0.25, -0.25, 18, -0.25, -0.25, -0.25, -0.25]  player 2 weights[-18, -18, -0.25, -18, -0.25, 18, -0.25, -0.25, -0.25, -0.25]  Player1 score: 2091  Player2 score: 2010
player 1 weights[18, -0.25, -0.25, -0.25, -0.25, 18, -0.25, -0.25, -0.25, 0.625]  player 2 weights[-18, -18, -0.25, -0.25, -0.25, -18, -0.25, -0.25, -0.25, 0.0]  Player1 score: 2133  Player2 score: 2068
player 1 weights[18, -0.25, -0.25, -0.25, -0.25, -0.25, -0.25, -0.25, -0.25, -0.5]  player 2 weights[18, 18, -0.25, -0.25, -0.25, -0.25, -0.25, -0.25, 1.0, -0.25]  Player1 score: 2184  Player2 score: 2117
player 1 weights[-18, -0.25, -0.25, -0.25, -0.25, -0.25, -0.25, -0.25, -0.25, -0.25]  player 2 weights[18, 18, -0.25, -0.25, -0.25, -0.25, -18, -0.25, -18.25, -0.25]  Player1 score: 2227  Player2 score: 2174
player 1 weights[18, -0.25, -0.25, -0.25, -0.25, -0.25, -0.25, -0.25, -0.25, -0.25]  player 2 weights[-18, -18, -0.25, -0.25, -0.25, -0.25, -0.25, 18, -0.25, -0.25]  Player1 score: 2271  Player2 score: 2230
player 1 weights[18, -0.25, 0.75, 0.0, -0.25, -0.25, -0.25, -0.25, -0.25, -0.25]  player 2 weights[18, 18, -0.25, -0.25, -0.25, -0.25, -0.25, -0.25, -0.25, -0.25]  Player1 score: 2322  Player2 score: 2279
player 1 weights[18, -0.25, 18, 7.5, -0.25, -0.25, -0.25, -0.25, -0.25, -0.375]  player 2 weights[-18, -18, -18, -0.25, -0.25, -0.25, -0.25, -0.25, -0.25, -0.5]  Player1 score: 2371  Player2 score: 2330
player 1 weights[18, -0.25, -3.75, -0.25, -0.25, -0.25, -0.25, -18, -0.25, -0.25]  player 2 weights[-18, -18, 6.75, 1.5, -0.25, -0.25, -0.25, -0.25, -0.25, -0.25]  Player1 score: 2423  Player2 score: 2378
player 1 weights[-18, -0.25, -1.5, -0.25, 18, -0.25, -0.25, -0.25, -0.25, 0.625]  player 2 weights[-18, -18, 18, 0.0, -0.25, -0.25, -0.25, -0.25, -0.25, -0.375]  Player1 score: 2476  Player2 score: 2425
player 1 weights[18, -0.25, 16.75, 2.5625, -0.25, 17.75, -0.25, -0.25, -0.25, 0.0]  player 2 weights[-18, -18, 0.0, -0.25, -0.25, -0.25, -0.25, -18, -0.25, -0.375]  Player1 score: 2521  Player2 score: 2480
player 1 weights[18, -0.25, -0.25, 0.625, -18, -0.25, -0.25, -0.25, -0.25, -0.25]  player 2 weights[-18, -18, -0.25, -0.25, -0.25, -0.25, -0.25, -0.25, -18, -0.25]  Player1 score: 2573  Player2 score: 2528
player 1 weights[-18, -0.25, -0.25, -18, -0.25, -0.25, -0.25, -0.25, -0.25, -0.125]  player 2 weights[-18, -18, -0.25, -0.25, -0.25, -0.25, -0.25, -0.25, -0.25, -0.5]  Player1 score: 2628  Player2 score: 2573
player 1 weights[18, -0.25, -0.25, 0.0, 18, -0.25, -0.25, -0.25, -18, -18]  player 2 weights[-18, -18, -0.25, -8.25, -0.25, -0.25, -0.25, -0.25, -0.25, -0.25]  Player1 score: 2677  Player2 score: 2624
player 1 weights[-18, -0.25, -0.25, 0.625, -0.25, 9.625, -0.25, -0.25, 0.0, 0.375]  player 2 weights[18, 18, -2.0, -0.25, -0.25, -0.25, -0.25, -0.25, -0.25, 0.0]  Player1 score: 2725  Player2 score: 2676
player 1 weights[-18, -0.25, -0.25, -0.25, -0.25, -0.25, -0.25, -0.25, -0.25, 0.0]  player 2 weights[18, 18, -0.25, -0.25, -0.25, 18, -0.25, -0.25, -0.25, -0.25]  Player1 score: 2775  Player2 score: 2726
player 1 weights[18, -0.25, -0.25, 17.75, -0.25, -0.25, -0.25, -0.25, -0.25, -0.25]  player 2 weights[18, 18, -0.25, 1.5, -0.25, -0.25, -0.25, -0.25, -0.25, 0.0]  Player1 score: 2822  Player2 score: 2779
player 1 weights[-18, -0.25, -0.25, 0.0, -0.25, -0.25, -0.25, -0.25, -0.25, -0.25]  player 2 weights[-18, -18, -18, -0.25, -0.25, -0.25, -0.25, -18, -0.25, -0.25]  Player1 score: 2862  Player2 score: 2839
player 1 weights[-18, -0.25, -0.25, -0.25, -0.25, -0.25, -0.25, -0.25, -0.25, -0.25]  player 2 weights[-18, -18, -0.25, -0.25, -0.25, -0.25, -0.25, -0.25, -0.25, -0.25]  Player1 score: 2918  Player2 score: 2883
player 1 weights[18, -0.25, -0.25, -0.25, -0.25, -0.25, -0.25, -0.25, -0.25, -1.75]  player 2 weights[18, 18, -0.25, -0.25, -0.25, -0.25, -0.25, -0.25, -0.25, -0.25]  Player1 score: 2964  Player2 score: 2937
player 1 weights[-18, -0.25, -3.75, -0.25, -14.625, -0.25, -0.25, -0.25, -0.375, -0.375]  player 2 weights[18, 18, -0.25, 1.5, -0.25, 2.625, -0.25, -0.25, -0.375, -2.125]  Player1 score: 3011  Player2 score: 2990
player 1 weights[-18, -0.25, -0.25, -0.25, -0.25, -0.25, -0.25, -0.25, -0.25, -0.25]  player 2 weights[-18, -18, -0.25, -0.25, -0.25, -0.25, -0.25, -0.25, -0.25, -0.25]  Player1 score: 3058  Player2 score: 3043
player 1 weights[18, -0.25, -0.25, -0.25, -0.25, 18, -0.25, -0.25, -0.25, -0.25]  player 2 weights[18, 18, -0.25, -0.25, -0.25, -0.25, -0.25, -0.25, -0.25, 0.625]  Player1 score: 3108  Player2 score: 3093
player 1 weights[18, -0.25, -0.25, -18.25, -0.25, -0.25, -0.25, -0.25, 18, -0.25]  player 2 weights[18, 18, -0.25, 0.625, -0.25, -0.25, -0.25, -0.25, -0.25, -0.25]  Player1 score: 3148  Player2 score: 3153
player 1 weights[18, -0.25, -0.25, 0.0, -0.25, -0.25, -0.25, -0.25, -0.25, -0.5]  player 2 weights[18, 18, -0.25, -0.25, -0.25, -0.25, -0.25, -0.25, -0.25, -0.625]  Player1 score: 3198  Player2 score: 3203
player 1 weights[-18, -0.25, -0.25, 0.625, -0.25, -0.25, -0.25, -0.25, -0.25, 0.0]  player 2 weights[18, 18, 0.0, -0.25, -0.25, -0.25, -0.25, -0.25, -0.75, -0.25]  Player1 score: 3241  Player2 score: 3260
player 1 weights[-18, -0.25, -0.25, 0.0, -0.25, -0.25, 18, -0.25, -0.5, -0.25]  player 2 weights[-18, -18, -0.25, -0.25, -0.25, -0.25, -0.25, -0.25, -0.25, 3.75]  Player1 score: 3294  Player2 score: 3307
player 1 weights[18, -0.25, -0.25, -0.25, -0.25, -0.25, -0.25, -0.25, -0.25, -0.25]  player 2 weights[-18, -18, -0.25, -0.25, -0.25, -0.25, -0.25, -0.25, -0.25, -0.25]  Player1 score: 3341  Player2 score: 3360
player 1 weights[18, -0.25, -0.25, -18, -0.25, -18, -0.25, -0.25, -0.25, 4.0]  player 2 weights[18, 18, -0.25, -0.25, -0.25, -0.25, -0.25, -18, -0.25, -0.25]  Player1 score: 3396  Player2 score: 3405
player 1 weights[18, -0.25, -18, 2.625, -0.25, -0.25, -0.25, -0.25, -0.25, -0.5]  player 2 weights[-18, -18, -0.25, -0.25, -0.25, -0.25, -0.25, -0.25, -0.25, -0.5]  Player1 score: 3439  Player2 score: 3462
player 1 weights[18, -0.25, 3.25, -0.25, -0.25, -0.25, -0.25, -0.25, -0.25, -0.25]  player 2 weights[18, 18, -0.25, -0.25, -0.25, -0.25, -0.25, -0.25, -0.25, -0.25]  Player1 score: 3488  Player2 score: 3513
player 1 weights[18, -0.25, -0.25, 6.75, -0.25, -0.25, -0.25, -0.25, -0.25, -0.25]  player 2 weights[18, 18, -0.25, -0.25, -0.25, 18, -0.25, -0.25, -0.25, -0.25]  Player1 score: 3550  Player2 score: 3551
player 1 weights[-18, -0.25, -0.25, -0.25, -0.25, 18, -18, -0.25, -0.25, 0.625]  player 2 weights[-18, -18, -0.25, -0.25, -0.25, -0.25, -0.25, 18, -0.25, 1.5]  Player1 score: 3606  Player2 score: 3595
player 1 weights[-18, -0.25, -0.25, -0.25, -0.25, -0.25, -0.25, -0.25, -0.25, -0.5]  player 2 weights[-18, -18, 18, 0.5, 18, -0.25, -0.25, -0.25, -0.25, 0.0625]  Player1 score: 3654  Player2 score: 3647
player 1 weights[18, -0.25, -0.25, 17.75, -0.25, -0.25, -0.25, -0.25, -0.25, -0.25]  player 2 weights[-18, -18, -0.25, -0.25, -0.25, -0.25, -0.25, -0.25, -0.25, -0.25]  Player1 score: 3711  Player2 score: 3690
player 1 weights[18, -0.25, -0.25, -0.25, -0.25, -0.25, -0.25, -0.25, -18, -1.125]  player 2 weights[-18, -18, -0.25, -0.25, -0.25, -0.25, -0.25, -0.25, -0.25, -0.25]  Player1 score: 3759  Player2 score: 3742
player 1 weights[18, -0.25, -0.25, 17.75, -0.25, -0.25, -0.25, -0.25, -0.25, -0.25]  player 2 weights[18, 18, -18, -0.25, -0.25, -18, -0.25, -0.25, -0.25, -0.25]  Player1 score: 3812  Player2 score: 3789
player 1 weights[18, -0.25, 0.375, -6.0, -0.25, -0.25, -0.25, 18, -0.25, -0.25]  player 2 weights[18, 18, -0.25, 0.5, -0.25, -0.25, -0.25, -0.25, -0.25, -0.375]  Player1 score: 3858  Player2 score: 3843
player 1 weights[18, -0.25, -18, 0.0, -0.25, -0.25, -0.25, -0.25, -0.25, -0.25]  player 2 weights[18, 18, 18, -0.25, -0.25, -0.25, -0.25, -0.25, -0.25, -0.25]  Player1 score: 3908  Player2 score: 3893
player 1 weights[-18, -0.25, -0.25, -0.25, -0.25, -0.25, -0.25, -0.25, -0.25, -0.25]  player 2 weights[18, 18, -0.25, -0.25, -0.25, -0.25, -0.25, -0.25, -0.25, -0.25]  Player1 score: 3957  Player2 score: 3944
player 1 weights[-18, -0.25, -0.25, -0.25, -0.25, -0.25, -0.25, -0.25, -0.25, -18]  player 2 weights[-18, -18, -0.25, -0.25, 18, -0.25, -0.25, -0.25, -0.25, -0.25]  Player1 score: 4016  Player2 score: 3985
player 1 weights[-18, -0.25, -0.25, -0.25, 18, -0.25, -0.25, -0.25, -0.25, -0.25]  player 2 weights[18, 18, -0.25, -0.25, -0.25, -0.25, -0.25, -0.25, 18, -0.25]  Player1 score: 4067  Player2 score: 4034
player 1 weights[18, -0.25, 0.375, -0.25, -18, -0.25, -0.25, -0.25, -0.25, 0.25]  player 2 weights[-18, -18, -0.25, -0.21875, -0.25, 4.0, -0.25, -0.25, -0.5, -0.25]  Player1 score: 4125  Player2 score: 4076
player 1 weights[-18, -0.25, -0.25, -0.25, -0.25, -0.25, -0.25, -0.25, -0.25, -0.25]  player 2 weights[-18, -18, -0.25, -0.25, -0.25, -0.25, -0.25, -0.25, -0.25, 17.75]  Player1 score: 4186  Player2 score: 4115
player 1 weights[-18, -0.25, 16.75, 1.5, -0.25, 17.75, -0.25, 18, -0.5, 0.0]  player 2 weights[18, 18, -3.75, -0.25, -18, -18.25, -0.25, -0.25, 0.0, -0.5]  Player1 score: 4245  Player2 score: 4156
player 1 weights[-18, -0.25, 18, -0.75, -0.25, -0.25, -0.25, -0.25, -0.25, -0.25]  player 2 weights[18, 18, 11.0, 1.5, -0.25, -0.25, -0.25, -0.25, 17.75, -0.25]  Player1 score: 4299  Player2 score: 4202
player 1 weights[-18, -0.25, -12.5, -5.875, -0.25, -0.25, -0.25, -0.25, -0.25, -0.25]  player 2 weights[18, 18, -0.25, 0.625, -0.25, -0.25, -0.25, -0.25, -0.25, 0.125]  Player1 score: 4347  Player2 score: 4254
player 1 weights[18, -0.25, -18, 17.75, -0.25, -0.25, -0.25, -0.25, -0.25, 0.0]  player 2 weights[-18, -18, -18, -10.125, -0.25, -0.25, -0.25, -0.25, -0.25, -0.5]  Player1 score: 4403  Player2 score: 4298
player 1 weights[18, -0.25, -0.25, -0.25, -0.25, -0.25, -0.25, -0.25, -18.25, -0.25]  player 2 weights[18, 18, -0.25, -0.25, -0.25, -0.25, -0.25, -0.25, -0.25, -0.25]  Player1 score: 4454  Player2 score: 4347
player 1 weights[18, 0.25, 0.25, 0.25, 0.25, 0.25, 0.25, 18, 0.25, -0.3125]  player 2 weights[18, 18, 0.25, -18, 0.25, 0.25, 0.25, 18, 0.25, 0.25]  Player1 score: 4498  Player2 score: 4403
player 1 weights[-18, -0.25, -0.25, -0.25, -0.25, -0.25, -0.25, -0.25, -0.25, -0.25]  player 2 weights[18, 18, -0.25, 5.625, -0.25, -0.25, -0.25, 18, -18, -0.5]  Player1 score: 4561  Player2 score: 4440
player 1 weights[-18, -0.25, -0.25, -0.25, -0.25, -0.25, -0.25, -0.25, -0.25, -0.5]  player 2 weights[18, 18, 6.75, -0.25, -0.25, -0.25, -0.25, -0.25, -0.25, -0.25]  Player1 score: 4611  Player2 score: 4490
player 1 weights[18, -0.25, -0.25, -0.25, -0.25, -18, -0.25, -0.25, -0.25, -0.25]  player 2 weights[18, 18, 5.75, 0.0, -0.25, -0.25, -0.25, -0.25, -0.25, -0.25]  Player1 score: 4658  Player2 score: 4543
player 1 weights[18, -0.25, -0.25, -0.25, -0.25, -0.25, -0.25, -0.25, -0.25, 5.6875]  player 2 weights[-18, -18, -0.25, -18.25, -0.25, -0.25, -0.25, -0.25, -0.25, -0.25]  Player1 score: 4729  Player2 score: 4572
player 1 weights[18, -0.25, -0.25, -0.25, -0.25, -0.25, -0.25, -0.25, -0.25, -0.25]  player 2 weights[-18, -18, -0.25, 18.5, -0.25, -0.25, -0.25, -0.25, -0.25, -0.25]  Player1 score: 4775  Player2 score: 4626
player 1 weights[-18, -0.25, 6.75, 4.0, -0.25, 17.75, -0.25, -0.25, -0.25, 0.625]  player 2 weights[-18, -18, -8.75, -0.25, -0.25, -0.25, -0.25, -0.25, -4.625, -2.25]  Player1 score: 4824  Player2 score: 4677
player 1 weights[18, 0.25, 0.25, -18, 0.25, 0.25, 0.25, 0.25, 0.25, -1.0]  player 2 weights[-18, -18, 0.25, 0.25, 0.25, 0.25, 0.25, 0.25, 0.25, 0.25]  Player1 score: 4869  Player2 score: 4732
player 1 weights[-18, -0.25, -0.25, 18, -0.25, -0.25, -0.25, 18, -0.25, -0.25]  player 2 weights[18, 18, -0.25, -0.25, -0.25, -0.25, -0.25, -0.25, -0.25, -0.25]  Player1 score: 4929  Player2 score: 4772
player 1 weights[-18, -0.25, -0.25, -0.25, -0.25, -0.25, -0.25, -0.25, -0.25, -0.25]  player 2 weights[18, 18, 18, 5.375, -0.25, -0.25, -0.25, -0.25, -0.25, -0.25]  Player1 score: 4977  Player2 score: 4824
player 1 weights[-18, -0.25, -0.25, 18, 18, -0.25, -0.25, -0.25, -0.25, -0.25]  player 2 weights[18, 18, -0.25, -0.25, -0.25, -0.25, -0.25, -0.25, -0.25, -0.25]  Player1 score: 5027  Player2 score: 4874
player 1 weights[18, -0.25, -3.25, -0.25, -0.25, -0.25, -0.25, -0.25, -0.25, -0.75]  player 2 weights[-18, -18, -0.25, -0.25, -0.25, -0.25, -0.25, -0.25, -0.25, -1.25]  Player1 score: 5075  Player2 score: 4926
player 1 weights[18, -0.25, -0.25, -0.25, -0.25, -0.25, -0.25, -0.25, -0.25, -0.25]  player 2 weights[18, 18, -18, -0.25, -0.25, -0.25, -0.25, -0.25, -0.25, 0.625]  Player1 score: 5120  Player2 score: 4981
player 1 weights[-18, -0.25, -0.75, -0.25, -0.25, -0.25, -0.25, 18, -0.5, 0.625]  player 2 weights[-18, -18, -0.25, 0.0, -0.25, 4.0, -0.25, -0.25, 0.625, 17.75]  Player1 score: 5166  Player2 score: 5035
player 1 weights[18, -0.25, -0.25, -0.25, -0.25, -0.25, -0.25, 18, -0.25, -0.25]  player 2 weights[-18, -18, -0.25, -0.25, -0.25, -18, -0.25, -0.25, -0.25, -0.25]  Player1 score: 5211  Player2 score: 5090
player 1 weights[-18, -0.25, -0.25, 0.0, -0.25, -0.25, -0.25, -0.25, -0.625, -0.25]  player 2 weights[18, 18, -0.25, -0.25, -0.25, -0.25, -0.25, -0.25, -0.25, -0.25]  Player1 score: 5257  Player2 score: 5144
player 1 weights[-18, -0.25, -0.25, -0.25, -0.25, -0.25, -0.25, -0.25, -0.25, -0.25]  player 2 weights[-18, -18, -0.25, -0.25, -0.25, -0.25, -0.25, -0.25, -0.25, -0.125]  Player1 score: 5312  Player2 score: 5189
player 1 weights[18, -0.25, -0.25, -0.25, -0.25, -0.25, -0.25, -0.25, -0.25, 1.5]  player 2 weights[18, 18, -0.25, -0.25, -0.25, -0.25, -0.25, -0.25, -0.25, -0.25]  Player1 score: 5360  Player2 score: 5241
player 1 weights[-18, -0.25, -0.25, -0.25, -0.25, -0.25, -0.25, -0.25, -0.25, -0.25]  player 2 weights[18, 18, -0.25, -0.5, -0.25, 18, -0.25, -0.25, -0.25, -0.25]  Player1 score: 5421  Player2 score: 5280
player 1 weights[18, -0.25, -0.75, -0.25, -0.25, -0.25, -0.25, -0.25, -0.25, 0.0]  player 2 weights[-18, -18, -13.25, 0.0, -0.25, -0.25, -0.25, -0.25, -0.25, -0.0625]  Player1 score: 5471  Player2 score: 5330
player 1 weights[-18, -0.25, 18, 1.5, -0.25, -0.25, -0.25, -0.25, 18, -0.25]  player 2 weights[18, 18, -0.25, -0.25, -0.25, -0.25, -0.25, -0.25, -0.25, -0.25]  Player1 score: 5525  Player2 score: 5376
player 1 weights[-18, -0.25, -0.25, 0.625, -0.25, -0.25, -0.25, -0.25, -9.25, -0.25]  player 2 weights[-18, -18, -0.25, -0.25, -0.25, -0.25, -0.25, -0.25, -0.25, -0.25]  Player1 score: 5570  Player2 score: 5431
player 1 weights[18, -0.25, -0.25, 0.0, -0.25, -0.25, -0.25, 18, -0.375, -2.25]  player 2 weights[18, 18, -14.75, -0.25, -0.25, -0.25, -0.25, -18, -0.25, 0.0]  Player1 score: 5616  Player2 score: 5485
player 1 weights[18, -0.25, -0.25, -18.25, -0.25, -0.25, -0.25, -0.25, -0.25, 2.625]  player 2 weights[-18, -18, -0.25, 1.0, -0.25, -0.25, -18, -0.25, -0.25, -0.625]  Player1 score: 5667  Player2 score: 5534
player 1 weights[18, -0.25, -0.25, -0.25, -0.25, -0.25, -0.25, 18, -0.25, -0.25]  player 2 weights[18, 18, -0.25, -0.25, -0.25, -0.25, -0.25, -0.25, -0.25, -0.25]  Player1 score: 5714  Player2 score: 5587
player 1 weights[18, -0.25, -0.25, -0.25, -0.25, -0.25, -0.25, -0.25, -0.25, -0.25]  player 2 weights[18, 18, -0.25, 19.0, -0.25, -0.25, -0.25, -0.25, -0.25, -2.0]  Player1 score: 5766  Player2 score: 5635
player 1 weights[18, -0.25, -0.25, -0.25, -18, -0.25, -0.25, -0.25, -0.25, -0.25]  player 2 weights[18, 18, -0.25, -0.25, -0.25, -0.25, -0.25, -0.25, -0.25, -0.25]  Player1 score: 5820  Player2 score: 5681
player 1 weights[18, -0.25, -0.75, -0.25, -0.25, -0.25, -0.25, -0.25, -0.25, 0.0]  player 2 weights[-18, -18, -0.25, 0.0, -0.25, -0.25, -0.25, -0.25, -0.25, 0.0]  Player1 score: 5871  Player2 score: 5730
player 1 weights[-18, -0.25, -0.25, -0.25, -0.25, -0.25, -0.25, -0.25, -18.25, -0.25]  player 2 weights[-18, -18, 18, -0.25, -0.25, -0.25, -0.25, -0.25, -18.5, -0.25]  Player1 score: 5924  Player2 score: 5777
player 1 weights[18, -0.25, -2.0, -0.25, -0.25, -4.625, -0.25, -0.25, -0.25, 0.0]  player 2 weights[18, 18, -18, 12.875, 18, 4.0, -0.25, -0.25, 0.0, -0.5]  Player1 score: 5988  Player2 score: 5813
player 1 weights[-18, -0.25, -0.25, 4.0, -0.25, -0.25, -0.25, 18, -0.25, -0.25]  player 2 weights[-18, -18, -0.25, -0.25, -0.25, -0.25, -0.25, -0.25, -0.25, -0.25]  Player1 score: 6040  Player2 score: 5861
player 1 weights[-18, -0.25, -18, -18.25, -0.25, -0.25, -0.25, -0.25, -18, 0.0]  player 2 weights[18, 18, -0.25, -0.25, -0.25, 18, -0.25, -0.25, -0.25, -0.25]  Player1 score: 6081  Player2 score: 5920
player 1 weights[18, -0.25, -0.25, -0.25, -0.25, -0.25, -0.25, -0.25, -0.25, -18.25]  player 2 weights[-18, -18, -0.25, -0.25, -0.25, -0.25, -0.25, -0.25, -0.25, 0.0]  Player1 score: 6133  Player2 score: 5968
player 1 weights[-18, -0.25, -0.25, -0.25, -0.25, -0.25, -0.25, -0.25, -0.25, -0.25]  player 2 weights[18, 18, -0.25, 0.0, -0.25, -0.25, -0.25, -0.25, -0.25, -0.25]  Player1 score: 6189  Player2 score: 6012
player 1 weights[-18, -0.25, -0.25, -0.25, -0.25, -0.25, -0.25, -0.25, -0.25, -0.25]  player 2 weights[18, 18, -0.25, 6.75, -0.25, -0.25, -0.25, -0.25, -0.25, -0.25]  Player1 score: 6239  Player2 score: 6062
player 1 weights[-18, -0.25, -0.25, 18, -0.25, -0.25, -0.25, -0.25, -0.25, -0.25]  player 2 weights[18, 18, -0.25, -0.25, -0.25, -0.25, -0.25, -0.25, 18, -0.25]  Player1 score: 6299  Player2 score: 6102
player 1 weights[-18, -0.25, -9.0, -2.0, -0.25, -0.25, -0.25, -0.25, -0.75, -0.25]  player 2 weights[-18, -18, 18, 1.5, -18, -0.25, -0.25, -0.25, 18, 0.0]  Player1 score: 6348  Player2 score: 6153
player 1 weights[-18, -0.25, 18, 17.5, -0.25, -0.25, -0.25, -18, -0.25, 0.625]  player 2 weights[18, 18, -18, -2.5, -0.25, -0.25, -0.25, -0.25, -0.25, -0.375]  Player1 score: 6393  Player2 score: 6208
player 1 weights[18, -0.25, -0.25, -0.25, -0.25, 18, -0.25, -0.25, -0.25, -0.25]  player 2 weights[-18, -18, -0.25, -0.25, -0.25, -0.25, -0.25, -0.25, -0.25, -0.25]  Player1 score: 6453  Player2 score: 6248
player 1 weights[-18, -0.25, 0.0, -0.25, -0.25, -0.25, -0.25, -0.25, -0.25, -0.75]  player 2 weights[18, 18, -18, -9.375, 18, 0.625, -0.25, -0.25, 0.25, -0.5]  Player1 score: 6501  Player2 score: 6300
player 1 weights[18, -0.25, -2.0, -0.25, -14.625, -0.25, -0.25, 18, 1.25, 0.0]  player 2 weights[-18, -18, -0.25, 0.625, -0.25, 2.625, -0.25, -0.25, 7.0, -0.5]  Player1 score: 6555  Player2 score: 6346
player 1 weights[18, 0.25, 0.25, 0.25, 0.25, 0.25, 0.25, 0.25, 0.25, 0.5]  player 2 weights[18, 18, 0.25, 0.25, 0.25, 0.25, 0.25, 0.25, 0.25, 0.25]  Player1 score: 6604  Player2 score: 6397
player 1 weights[18, -0.25, -0.25, 0.625, -0.25, -0.25, -0.25, -0.25, -0.25, -0.375]  player 2 weights[-18, -18, -12.5, -0.25, -0.25, -0.25, -0.25, -0.25, -0.25, 0.0]  Player1 score: 6655  Player2 score: 6446
player 1 weights[-18, -0.25, -0.25, -0.25, -0.25, -0.25, -0.25, -0.25, -0.25, -0.25]  player 2 weights[-18, -18, -0.25, 0.0, -0.25, -0.25, -0.25, -0.25, -0.25, -0.25]  Player1 score: 6706  Player2 score: 6495
player 1 weights[-18, -0.25, -0.25, 1.5, -0.25, -0.25, -0.25, -0.25, -0.25, 0.0]  player 2 weights[18, 18, -0.25, -0.25, -0.25, -0.25, -0.25, -0.25, -0.75, -0.25]  Player1 score: 6759  Player2 score: 6542
player 1 weights[18, -0.25, -0.25, -0.25, -0.25, 18, -0.25, -0.25, -0.25, -0.25]  player 2 weights[-18, -18, -0.25, -0.25, -0.25, -0.25, -0.25, -0.25, -0.25, 0.0]  Player1 score: 6813  Player2 score: 6588
player 1 weights[18, 0.25, 0.25, 18, 0.25, 0.25, 0.25, 0.25, 0.25, 0.25]  player 2 weights[18, 18, 0.25, 0.25, 0.25, 0.25, 0.25, -18, 0.25, 0.25]  Player1 score: 6862  Player2 score: 6639
player 1 weights[-18, -0.25, -0.25, -1.5, -0.25, -0.25, -18, -0.25, -0.25, -0.25]  player 2 weights[-18, -18, -0.25, 1.75, -0.25, -0.25, -0.25, -0.25, -0.25, -18.25]  Player1 score: 6912  Player2 score: 6689
player 1 weights[18, 0.25, 0.25, 0.25, 0.25, 0.25, 0.25, 0.25, 18, 0.25]  player 2 weights[-18, -18, 0.25, 0.25, 0.25, 0.25, 0.25, 0.25, 0.25, 0.25]  Player1 score: 6971  Player2 score: 6730
player 1 weights[-18, -0.25, -0.25, -0.25, -0.25, -0.25, -0.25, -0.25, 17.75, -0.25]  player 2 weights[18, 18, -0.25, -0.25, -0.25, -0.25, -0.25, -18, -0.25, -0.25]  Player1 score: 7027  Player2 score: 6774
player 1 weights[-18, -0.25, -0.25, -0.5, -0.25, -0.25, -0.25, -0.25, -0.25, -0.25]  player 2 weights[-18, -18, -0.25, -0.25, -0.25, -0.25, -0.25, 18, -0.25, -0.25]  Player1 score: 7072  Player2 score: 6829
player 1 weights[18, -0.25, -0.25, 0.0625, -0.25, -18, -0.25, -0.25, -0.25, 0.625]  player 2 weights[18, 18, -0.25, -9.0, -0.25, 18, -0.25, -0.25, -0.25, 0.0]  Player1 score: 7116  Player2 score: 6885
player 1 weights[18, -0.25, -0.25, -0.25, -0.25, -0.25, -0.25, -18, -0.25, 0.75]  player 2 weights[-18, -18, -0.25, -0.25, 18, -0.25, -0.25, -0.25, -0.25, -0.25]  Player1 score: 7165  Player2 score: 6936
player 1 weights[-18, -0.25, -0.25, -0.25, -0.25, -0.25, -0.25, -18, -0.25, 1.0]  player 2 weights[-18, -18, -0.75, 2.625, -0.25, -0.25, -0.25, -0.25, -0.25, -0.25]  Player1 score: 7216  Player2 score: 6985
player 1 weights[-18, -0.25, -0.25, -2.0, -0.25, -0.25, -0.25, -0.25, -0.25, 8.875]  player 2 weights[-18, -18, -0.25, -0.25, -0.25, -0.25, -0.25, -0.25, -0.5, -0.25]  Player1 score: 7268  Player2 score: 7033
player 1 weights[-18, -0.25, 18, 0.0, -0.25, -0.25, -0.25, -18, -0.25, 0.0]  player 2 weights[-18, -18, -0.25, -0.25, -0.25, -0.25, -0.25, -0.25, -5.25, -0.25]  Player1 score: 7324  Player2 score: 7077
player 1 weights[-18, -0.25, -0.25, -0.25, -0.25, -0.25, -18, -0.25, -0.25, -0.625]  player 2 weights[18, 18, -6.25, -0.25, -0.25, -0.25, -0.25, -0.25, -0.25, -0.25]  Player1 score: 7379  Player2 score: 7122
player 1 weights[18, -0.25, -18, -0.25, -0.25, -0.25, -0.25, -0.25, -0.25, -0.25]  player 2 weights[-18, -18, -0.25, 18, -0.25, -0.25, -0.25, -18, -0.25, -0.25]  Player1 score: 7435  Player2 score: 7166
player 1 weights[-18, -0.25, -0.25, 0.0, -0.25, -0.25, -0.25, -0.25, -0.25, -16.25]  player 2 weights[18, 18, 18, -0.25, -0.25, -0.25, -0.25, -0.25, -0.25, 0.375]  Player1 score: 7491  Player2 score: 7210
player 1 weights[-18, -0.25, -0.25, 0.625, -0.25, -0.25, -0.25, -0.25, -0.25, -0.25]  player 2 weights[-18, -18, -12.5, -0.25, -0.25, -0.25, -0.25, -0.25, -0.25, -0.25]  Player1 score: 7542  Player2 score: 7259
player 1 weights[-18, -0.25, -0.25, -0.25, -0.25, -18, -0.25, -0.25, -0.25, -0.25]  player 2 weights[18, 18, 18, -0.25, -0.25, -0.25, -0.25, -0.25, -0.25, -0.25]  Player1 score: 7587  Player2 score: 7314
player 1 weights[18, -0.25, -0.25, -0.25, -0.25, -0.25, -0.25, -0.25, -0.25, -0.25]  player 2 weights[18, 18, -0.25, -0.25, -0.25, -0.25, -0.25, -0.25, -0.25, -0.25]  Player1 score: 7640  Player2 score: 7361
player 1 weights[18, -0.25, -16.0, -0.25, -0.25, -0.25, -0.25, 18, -0.25, -2.0]  player 2 weights[-18, -18, -0.25, 17.75, -0.25, -0.25, -0.25, -0.25, -4.625, 0.0]  Player1 score: 7689  Player2 score: 7412
player 1 weights[-18, -0.25, -0.75, -0.25, -0.25, -0.25, -0.25, -0.25, -0.5, 0.0]  player 2 weights[18, 18, 3.25, 0.0, -0.25, -0.25, -0.25, -0.25, 0.0, -0.8125]  Player1 score: 7733  Player2 score: 7468
player 1 weights[18, 0.25, 0.25, 0.25, 0.25, 0.25, 0.25, 0.25, 0.5, 0.25]  player 2 weights[-18, -18, 0.25, 0.25, 0.25, 0.25, 0.25, 0.25, 0.25, 0.25]  Player1 score: 7785  Player2 score: 7516
player 1 weights[18, -0.25, -0.25, 18, -0.25, -0.25, -0.25, -0.25, -0.25, -0.25]  player 2 weights[18, 18, -0.25, -0.25, -0.25, -0.25, -0.25, -0.25, -0.25, -0.25]  Player1 score: 7832  Player2 score: 7569
player 1 weights[18, -0.25, -0.25, -0.25, -0.25, -0.25, -0.25, -0.25, -18, -0.25]  player 2 weights[-18, -18, -0.25, -0.25, -0.25, -0.25, -0.25, -0.25, -2.25, -0.25]  Player1 score: 7879  Player2 score: 7622
player 1 weights[-18, -0.25, 0.75, -0.25, -0.25, -0.25, -0.25, -18, -0.25, 0.0]  player 2 weights[-18, -18, -0.25, -0.25, -0.25, -0.25, -0.25, -0.25, -0.25, -0.25]  Player1 score: 7930  Player2 score: 7671
player 1 weights[-18, -0.25, -0.25, -0.25, -0.25, -18, -0.25, -0.25, -0.25, -0.25]  player 2 weights[18, 18, -0.25, -0.25, -0.25, -0.25, -0.25, -0.25, 0.5, 0.375]  Player1 score: 7983  Player2 score: 7718
player 1 weights[-18, -0.25, -0.25, -0.25, -0.25, -0.25, -0.25, -0.25, -0.25, -0.25]  player 2 weights[-18, -18, -0.25, -0.25, -0.25, -0.25, -0.25, -0.25, -0.25, -0.25]  Player1 score: 8028  Player2 score: 7773
player 1 weights[-18, -0.25, -0.25, -0.25, -0.25, -0.25, -0.25, -0.25, -0.25, -0.75]  player 2 weights[18, 18, -0.25, 0.0, -0.25, -0.25, -0.25, -0.25, -0.25, -0.25]  Player1 score: 8079  Player2 score: 7822
player 1 weights[18, -0.25, -0.25, 0.0, -0.25, 9.625, -0.25, -18, -0.25, -1.375]  player 2 weights[18, 18, 6.25, -0.25, -0.25, -0.25, -0.25, -0.25, -0.25, -0.25]  Player1 score: 8130  Player2 score: 7871
player 1 weights[18, -0.25, -0.25, 0.625, -0.25, 17.75, 18, -0.25, -0.25, -0.25]  player 2 weights[-18, -18, -2.0, -0.25, -0.25, -0.25, -0.25, -0.25, -0.25, -1.5]  Player1 score: 8179  Player2 score: 7922
player 1 weights[18, -0.25, -0.25, -0.25, -0.25, -0.25, 18, -0.25, -0.25, -0.25]  player 2 weights[-18, -18, -0.25, -0.25, -0.25, -0.25, -0.25, -18, -0.25, -0.25]  Player1 score: 8229  Player2 score: 7972
player 1 weights[-18, -0.25, -0.25, -0.25, -0.25, -0.25, -0.25, -0.25, 0.75, -0.25]  player 2 weights[18, 18, -0.25, -0.25, -0.25, -0.25, -0.25, -0.25, -0.25, -0.25]  Player1 score: 8287  Player2 score: 8014
player 1 weights[18, -0.25, -0.25, -0.75, -0.25, 18, -0.25, -0.25, -0.25, 0.75]  player 2 weights[18, 18, 6.0, 2.625, -0.25, -0.25, -0.25, -18, -0.25, -0.5]  Player1 score: 8342  Player2 score: 8059
player 1 weights[18, -0.25, -0.25, -0.25, -0.25, -18, -0.25, -0.25, -0.25, -0.25]  player 2 weights[18, 18, -0.25, 0.0, -0.25, -0.25, -0.25, -0.25, -0.25, 1.5]  Player1 score: 8398  Player2 score: 8103
player 1 weights[-18, -0.25, -0.25, -0.25, -0.25, -0.25, -0.25, -0.25, -0.25, -0.375]  player 2 weights[-18, -18, -0.25, -0.25, -0.25, -0.25, -0.25, -0.25, -0.25, -0.1875]  Player1 score: 8450  Player2 score: 8151
player 1 weights[18, -0.25, -0.25, -0.25, -0.25, -0.25, -0.25, -0.25, -0.25, -0.25]  player 2 weights[18, 18, -0.25, -0.25, -0.25, -0.25, -0.25, -0.25, -0.25, -0.25]  Player1 score: 8492  Player2 score: 8209
player 1 weights[18, -0.25, 6.25, -0.25, -0.25, -0.25, -0.25, -0.25, -0.25, -0.25]  player 2 weights[18, 18, -0.25, 0.0, -0.25, -0.25, -0.25, -0.25, -0.25, -0.25]  Player1 score: 8538  Player2 score: 8263
player 1 weights[18, -0.25, 18, -0.25, -0.25, -0.25, -0.25, -0.25, -0.25, -0.25]  player 2 weights[18, 18, -0.25, -0.25, -0.25, -0.25, -0.25, -0.25, -0.25, -0.25]  Player1 score: 8592  Player2 score: 8309
player 1 weights[18, -0.25, -0.25, 4.0, -0.25, -0.25, -0.25, -0.25, -18, -18]  player 2 weights[-18, -18, -0.25, -0.25, -0.25, -0.25, -18, -0.25, -0.25, -0.25]  Player1 score: 8643  Player2 score: 8358
player 1 weights[-18, -0.25, -0.25, -0.25, -18, -18, -0.25, -0.25, -0.25, -0.25]  player 2 weights[18, 18, -0.25, -1.125, -0.25, -0.25, -0.25, -0.25, -0.25, -0.25]  Player1 score: 8687  Player2 score: 8414
player 1 weights[-18, -0.25, -0.25, -0.25, -0.25, -0.25, -0.25, -0.25, -0.25, -0.25]  player 2 weights[-18, -18, -0.25, -0.25, -0.25, -0.25, -0.25, -0.25, -0.25, -0.25]  Player1 score: 8738  Player2 score: 8463
player 1 weights[-18, -0.25, 18, 0.0, -0.25, -0.25, -0.25, -0.25, -0.25, -0.25]  player 2 weights[-18, -18, -0.25, -0.25, 18, -0.25, -0.25, -0.25, -0.25, -0.25]  Player1 score: 8792  Player2 score: 8509
player 1 weights[18, -0.25, -0.75, -0.25, -0.25, -0.25, -0.25, -0.25, -0.25, -0.25]  player 2 weights[18, 18, -0.25, 0.0, -0.25, -0.25, -0.25, -0.25, -0.25, -1.0]  Player1 score: 8846  Player2 score: 8555
player 1 weights[18, -0.25, -0.25, -0.25, -0.25, -0.25, -0.25, -0.25, -0.25, -0.25]  player 2 weights[-18, -18, -0.25, -0.25, -0.25, -0.25, -0.25, -0.25, -0.25, -0.25]  Player1 score: 8899  Player2 score: 8602
player 1 weights[18, -0.25, -0.25, -0.25, -0.25, -0.25, -0.25, -0.25, -0.25, -0.5]  player 2 weights[-18, -18, -0.25, -1.9375, -0.25, -0.25, -0.25, -0.25, -1.0, 0.0]  Player1 score: 8953  Player2 score: 8648
player 1 weights[18, -0.25, -0.25, -0.25, -0.25, -0.25, -0.25, -0.25, -0.25, -0.25]  player 2 weights[-18, -18, -18, -0.25, -0.25, -0.25, -0.25, 18, -0.25, -0.25]  Player1 score: 8997  Player2 score: 8704
player 1 weights[18, -0.25, -0.25, -0.25, -0.25, -0.25, 18, -0.25, 18, -0.25]  player 2 weights[-18, -18, -0.25, -0.25, -0.25, -18, -0.25, -0.25, -0.25, -0.25]  Player1 score: 9051  Player2 score: 8750
player 1 weights[-18, -0.25, -0.25, -0.25, -0.25, -0.25, -0.25, -0.25, -0.25, -0.25]  player 2 weights[18, 18, -0.25, -0.25, -0.25, -0.25, -0.25, -0.25, -0.25, -0.25]  Player1 score: 9103  Player2 score: 8798
player 1 weights[-18, -0.25, -0.25, -0.25, -0.25, -0.25, -0.25, -0.25, 18, -0.375]  player 2 weights[18, 18, -0.25, -0.25, -0.25, -0.25, -0.25, -0.25, -0.25, -0.25]  Player1 score: 9157  Player2 score: 8844
player 1 weights[18, -0.25, -0.25, 1.5, -0.25, -0.25, -0.25, -0.25, -0.25, -0.25]  player 2 weights[-18, -18, -18, 17.75, -0.25, -0.25, -0.25, -0.25, -0.25, 0.0]  Player1 score: 9205  Player2 score: 8896
player 1 weights[-18, -0.25, 0.375, -0.25, -18, -0.25, -0.25, -0.25, -0.25, 2.625]  player 2 weights[18, 18, -0.25, 3.125, -0.25, 4.0, -0.25, -0.25, 2.625, 2.625]  Player1 score: 9259  Player2 score: 8942
player 1 weights[18, -0.25, -18, 2.375, -0.25, 5.625, 18, 18, -0.25, 0.0]  player 2 weights[18, 18, -2.0, -0.25, -18, -0.75, -0.25, -18, -0.25, -0.25]  Player1 score: 9310  Player2 score: 8991
player 1 weights[-18, -0.25, -4.625, -0.25, -18, 18, -0.25, -0.25, -0.25, 18]  player 2 weights[-18, -18, -18, 0.625, -0.25, -0.25, -0.25, -0.25, -0.25, -0.25]  Player1 score: 9352  Player2 score: 9049
player 1 weights[-18, -0.25, -0.25, -0.25, -0.25, -0.25, -0.25, -0.25, -0.75, -0.25]  player 2 weights[18, 18, -0.25, -0.25, -0.25, -0.25, -0.25, 18, -0.25, 0.0]  Player1 score: 9397  Player2 score: 9104
player 1 weights[-18, -0.25, -0.75, -0.25, -0.25, -18.25, -0.25, -0.25, -0.25, -2.0]  player 2 weights[-18, -18, 11.25, 0.0, -0.25, 17.5, -0.25, 18, -0.25, -0.25]  Player1 score: 9450  Player2 score: 9151
player 1 weights[18, -0.25, -0.25, -0.25, -0.25, -0.25, -0.25, -0.25, -18, -18]  player 2 weights[-18, -18, -0.25, -0.25, -0.25, 18, -0.25, -0.25, -0.25, -0.25]  Player1 score: 9501  Player2 score: 9200
player 1 weights[18, -0.25, -18, -0.25, -0.25, -0.25, -0.25, -0.25, -0.25, -0.25]  player 2 weights[-18, -18, -0.25, 0.625, 18, -0.25, -0.25, -0.25, -0.25, -0.25]  Player1 score: 9553  Player2 score: 9248
player 1 weights[18, 0.25, 0.25, -18, 0.25, 0.25, 0.25, 0.25, 0.75, 0.25]  player 2 weights[18, 18, 0.25, 0.25, 0.25, 0.25, 0.25, 0.25, 0.25, 0.25]  Player1 score: 9600  Player2 score: 9301
player 1 weights[-18, -0.25, -0.25, -0.25, -0.25, -0.25, -0.25, -0.25, -0.25, -0.375]  player 2 weights[18, 18, -0.25, -0.25, -0.25, -0.25, -0.25, -18, -0.25, -0.25]  Player1 score: 9653  Player2 score: 9348
player 1 weights[18, -0.25, -0.25, -0.25, -0.25, -0.25, -0.25, -0.25, -0.25, -0.25]  player 2 weights[18, 18, -0.25, -0.25, -0.25, -0.25, -0.25, -0.25, -0.25, -0.25]  Player1 score: 9710  Player2 score: 9391
player 1 weights[-18, -0.25, 18, -0.25, -0.25, -0.25, -0.25, -0.25, -0.25, -0.25]  player 2 weights[-18, -18, -0.25, 17.25, -0.25, -0.25, -0.25, -0.25, -0.25, -0.25]  Player1 score: 9766  Player2 score: 9435
player 1 weights[-18, -0.25, 16.75, 2.625, -0.25, -0.25, -0.25, -0.25, 17.75, -0.25]  player 2 weights[-18, -18, -0.25, -0.25, -0.25, -0.25, -0.25, -0.25, -0.25, -0.75]  Player1 score: 9816  Player2 score: 9485
player 1 weights[18, -0.25, -2.0, -0.25, -0.25, -0.25, -0.25, -0.25, -0.25, 0.125]  player 2 weights[-18, -18, -0.25, 0.625, -0.25, -0.25, -0.25, -18, -0.25, -0.375]  Player1 score: 9869  Player2 score: 9532
player 1 weights[-18, -0.25, -0.25, -0.25, -0.25, -0.25, 18, -0.25, -0.25, -0.25]  player 2 weights[-18, -18, -0.25, -0.25, -0.25, -0.25, -0.25, -0.25, -0.25, -0.25]  Player1 score: 9918  Player2 score: 9583
player 1 weights[18, -0.25, -18, -0.25, -0.25, -0.25, -0.25, -0.25, 0.75, -0.25]  player 2 weights[18, 18, -0.25, 5.625, -0.25, -0.25, -0.25, -0.25, -0.25, 0.0]  Player1 score: 9972  Player2 score: 9629
player 1 weights[18, -0.25, -2.0, -0.25, -0.25, -0.25, 18, -0.25, -0.25, 0.0]  player 2 weights[18, 18, 18, 0.625, -0.25, -0.25, -0.25, -0.25, -0.375, -0.25]  Player1 score: 10012  Player2 score: 9689
player 1 weights[-18, -0.25, 0.75, -0.25, -0.25, -0.25, -18, -0.25, -0.25, -0.4375]  player 2 weights[18, 18, -0.25, -0.25, -0.25, -0.25, -0.25, -0.25, -0.25, -18.5]  Player1 score: 10053  Player2 score: 9748
player 1 weights[18, -0.25, -0.25, -5.25, 18, -0.25, -0.25, -0.25, -0.25, -0.5]  player 2 weights[18, 18, -0.25, -0.25, -0.25, -0.25, -0.25, -0.25, -0.25, -0.25]  Player1 score: 10110  Player2 score: 9791
player 1 weights[-18, -0.25, -0.25, -0.25, -0.25, -0.25, -0.25, -0.25, -0.25, -0.25]  player 2 weights[-18, -18, -0.25, -0.25, -0.25, -0.25, -0.25, -0.25, -0.25, -0.25]  Player1 score: 10158  Player2 score: 9843
player 1 weights[18, -0.25, -0.25, -0.25, -0.25, 18, -0.25, -0.25, -0.25, 12.0]  player 2 weights[18, 18, -0.25, -0.25, -0.25, -0.25, -0.25, -0.25, -0.25, -0.25]  Player1 score: 10214  Player2 score: 9887
player 1 weights[-18, -0.25, -0.25, -0.25, -0.25, -0.25, -0.25, -0.25, -0.25, -0.25]  player 2 weights[18, 18, -0.25, 1.25, 18, -0.25, -0.25, -0.25, -18.25, -0.25]  Player1 score: 10261  Player2 score: 9940
player 1 weights[18, -0.25, -0.25, -0.25, -0.25, -0.25, -0.25, 18, -0.25, -0.5]  player 2 weights[18, 18, -0.25, -0.25, -0.25, -0.25, -0.25, -0.25, -0.25, -0.25]  Player1 score: 10300  Player2 score: 10001
player 1 weights[-18, 0.25, 0.25, 0.25, 0.25, 0.25, 0.25, 0.25, 0.25, 0.25]  player 2 weights[18, 18, 0.25, -0.25, 0.25, 0.25, 0.25, 0.25, -18, 0.25]  Player1 score: 10357  Player2 score: 10044
player 1 weights[-18, -0.25, -0.25, -0.25, -0.25, -0.25, -0.25, -0.25, -0.25, -0.25]  player 2 weights[18, 18, -0.25, 18, -0.25, -0.25, -0.25, -0.25, -0.25, -0.25]  Player1 score: 10407  Player2 score: 10094
player 1 weights[18, -0.25, -0.25, -0.25, -0.25, -0.25, -0.25, -0.25, -0.25, -0.25]  player 2 weights[-18, -18, -0.25, -0.375, -0.25, -0.25, -0.25, -0.25, -0.25, -0.25]  Player1 score: 10449  Player2 score: 10152
player 1 weights[-18, -0.25, -0.25, -0.25, -0.25, -0.25, -0.25, -0.25, -0.25, -0.25]  player 2 weights[-18, -18, -0.75, -0.25, -0.25, -0.25, -0.25, -0.25, -0.25, -0.25]  Player1 score: 10500  Player2 score: 10201
player 1 weights[18, -0.25, -3.75, -18.25, -0.25, -0.25, -0.25, -0.25, -0.25, -0.125]  player 2 weights[-18, -18, 8.25, -0.25, -0.25, -0.25, -0.25, -0.25, 0.0, 1.5]  Player1 score: 10555  Player2 score: 10246
player 1 weights[-18, -0.25, -0.25, -0.25, -0.25, -0.25, -0.25, -0.25, -18.25, -2.75]  player 2 weights[18, 18, -0.25, 2.3125, -0.25, 2.625, -0.25, -0.25, -0.5, -0.25]  Player1 score: 10609  Player2 score: 10292
player 1 weights[-18, -0.25, 18, -0.25, -0.25, -18, -0.25, -0.25, -0.25, -0.25]  player 2 weights[18, 18, -0.25, -6.125, -0.25, -0.25, -0.25, -0.25, -0.25, -0.25]  Player1 score: 10661  Player2 score: 10340
player 1 weights[-18, -0.25, 18, 1.25, -0.25, 7.5, 18, -0.25, -0.25, 0.625]  player 2 weights[18, 18, 18, -0.25, -0.25, -0.25, -0.25, -0.25, -0.25, -0.5]  Player1 score: 10701  Player2 score: 10400
player 1 weights[-18, -0.25, -0.25, 17.75, 18, -0.25, -0.25, 18, -0.25, -0.25]  player 2 weights[-18, -18, -0.25, -0.25, -0.25, -0.25, -0.25, -0.25, -0.25, -0.25]  Player1 score: 10752  Player2 score: 10449
player 1 weights[-18, -0.25, -0.25, -3.125, 18, -0.25, -0.25, -0.25, -0.25, -0.25]  player 2 weights[-18, -18, 5.5, -0.25, -0.25, -0.25, -0.25, -0.25, -0.25, 0.0]  Player1 score: 10800  Player2 score: 10501
player 1 weights[18, -0.25, -0.25, -0.25, -0.25, -0.25, -0.25, -0.25, -0.25, -0.25]  player 2 weights[18, 18, -0.25, -0.25, -0.25, -0.25, -0.25, 18, -0.25, -18.25]  Player1 score: 10848  Player2 score: 10553
player 1 weights[18, -0.25, -0.25, -0.25, -18, -0.25, -0.25, -18, -0.25, -0.375]  player 2 weights[-18, -18, -0.25, -0.25, -0.25, -0.25, -0.25, -0.25, -0.25, 0.0]  Player1 score: 10909  Player2 score: 10592
player 1 weights[-18, -0.25, 0.75, 0.375, -0.25, -0.25, -0.25, -0.25, -0.25, -0.25]  player 2 weights[18, 18, -0.25, -0.25, -0.25, -0.25, -0.25, -0.25, -18, -0.25]  Player1 score: 10957  Player2 score: 10644
player 1 weights[18, -0.25, -18, -0.25, -0.25, -0.25, -0.25, -0.25, 18, -0.25]  player 2 weights[-18, -18, -0.25, 7.5, -0.25, -0.25, -0.25, -0.25, -0.25, -0.25]  Player1 score: 11007  Player2 score: 10694
player 1 weights[18, -0.25, -0.25, 4.0, -0.25, -0.25, -0.25, -0.25, -0.25, -0.25]  player 2 weights[18, 18, -0.25, -0.25, -0.25, -0.25, -0.25, -0.25, 18, -0.75]  Player1 score: 11056  Player2 score: 10745
player 1 weights[-18, -0.25, -0.25, 9.625, 18, 18, -0.25, -18, -0.25, 1.5]  player 2 weights[18, 18, -0.25, -6.0, -0.25, -0.25, -0.25, -0.25, -0.25, -0.25]  Player1 score: 11111  Player2 score: 10790
player 1 weights[-18, -0.25, -0.25, -0.25, -0.25, -0.25, -0.25, -0.25, -0.25, -0.25]  player 2 weights[18, 18, -0.25, -18, -0.25, -0.25, -0.25, -0.25, -0.25, -0.25]  Player1 score: 11165  Player2 score: 10836
player 1 weights[-18, -0.25, -0.25, -18.25, 18, -0.25, -0.25, -0.25, -0.25, -0.25]  player 2 weights[18, 18, -0.25, 0.0625, -0.25, -0.25, -0.25, -0.25, -0.25, -0.25]  Player1 score: 11219  Player2 score: 10882
player 1 weights[18, -0.25, -0.25, 0.625, -0.25, -0.25, -0.25, -0.25, -0.25, -0.25]  player 2 weights[18, 18, -0.25, -0.25, -0.25, -0.25, -0.25, -0.25, -0.25, -0.25]  Player1 score: 11268  Player2 score: 10933
player 1 weights[18, -0.25, -0.25, -0.25, -0.25, -0.25, -0.25, -0.25, -2.75, -0.25]  player 2 weights[18, 18, -0.25, -0.25, -0.25, -0.25, -0.25, -0.25, -2.25, -0.25]  Player1 score: 11312  Player2 score: 10989
player 1 weights[18, -0.25, -0.25, -0.25, -0.25, -0.25, -0.25, -0.25, -18, -0.25]  player 2 weights[18, 18, -0.25, -0.25, -0.25, -0.25, -0.25, -0.25, -0.25, -0.25]  Player1 score: 11362  Player2 score: 11039
player 1 weights[-18, -0.25, -0.25, -0.25, -0.25, -0.25, -0.25, 18, -0.25, -0.25]  player 2 weights[18, 18, -0.25, -0.25, -0.25, -18, -0.25, -0.25, -0.25, -0.25]  Player1 score: 11407  Player2 score: 11094
player 1 weights[18, -0.25, -0.25, -0.25, -0.25, -0.25, -0.25, -0.25, -0.25, -18.25]  player 2 weights[18, 18, -0.25, -0.25, -0.25, -0.25, -0.25, -0.25, -0.25, -0.25]  Player1 score: 11450  Player2 score: 11151
player 1 weights[-18, -0.25, -0.25, 1.5, -0.25, -0.25, -0.25, -0.25, -2.0, -0.25]  player 2 weights[-18, -18, -3.75, -0.25, -0.25, 18, -0.25, -18, -0.25, -0.25]  Player1 score: 11492  Player2 score: 11209
player 1 weights[-18, -0.25, -1.5, -0.25, -0.25, -0.25, -0.25, -0.25, -0.25, -0.25]  player 2 weights[18, 18, 18, 0.0, -0.25, -0.25, -0.25, -0.25, -0.25, -0.25]  Player1 score: 11541  Player2 score: 11260
player 1 weights[18, 0.25, 0.25, 0.25, 0.25, 0.25, 0.25, -18, 0.25, 0.25]  player 2 weights[18, 18, 0.25, 0.25, 18, -18, 0.25, 0.25, 0.25, 0.25]  Player1 score: 11600  Player2 score: 11301
player 1 weights[-18, -0.25, -0.25, -0.25, -0.25, -18, -0.25, -0.25, -0.75, -0.25]  player 2 weights[18, 18, 11.25, 1.5, -0.25, -0.25, -0.25, -0.25, -0.25, -0.25]  Player1 score: 11645  Player2 score: 11356
player 1 weights[-18, -0.25, -0.25, -15.75, -0.25, -0.25, -0.25, -0.25, -0.25, -18]  player 2 weights[18, 18, -0.25, 5.625, -0.25, -0.25, -0.25, -0.25, -0.25, -0.25]  Player1 score: 11697  Player2 score: 11404
player 1 weights[-18, -0.25, -0.25, 17.75, -0.25, -0.25, -0.25, -0.25, -0.25, -0.25]  player 2 weights[-18, -18, -0.25, -4.9375, -0.25, -0.25, -0.25, -0.25, -0.25, -0.25]  Player1 score: 11752  Player2 score: 11449
player 1 weights[-18, -0.25, -0.25, -0.25, -0.25, -0.25, -0.25, -0.25, -0.25, -0.25]  player 2 weights[18, 18, -3.25, -0.25, -0.25, 18, -0.25, 18, -0.25, -18]  Player1 score: 11801  Player2 score: 11500
player 1 weights[-18, -0.25, -0.25, -0.25, -0.25, -0.25, -0.25, 18, -0.25, -0.375]  player 2 weights[-18, -18, -0.25, 0.625, -0.25, -0.25, -0.25, -0.25, -0.25, -0.25]  Player1 score: 11846  Player2 score: 11555
player 1 weights[-18, -0.25, -0.25, -0.25, -0.25, -0.25, -0.25, -0.25, -0.25, -0.25]  player 2 weights[18, 18, -0.25, -0.25, -0.25, -0.25, -0.25, -0.25, -0.25, -0.25]  Player1 score: 11903  Player2 score: 11598
player 1 weights[18, -0.25, -18, -0.75, -0.25, -0.25, -0.25, -0.25, -0.25, -0.25]  player 2 weights[-18, -18, -0.25, 2.625, -0.25, -0.25, -0.25, -0.25, -0.25, -0.25]  Player1 score: 11955  Player2 score: 11646
player 1 weights[-18, -0.25, -0.25, -0.25, -0.25, -0.25, -0.25, -0.25, -0.25, -0.25]  player 2 weights[18, 18, -0.25, -0.25, -0.25, -0.25, -0.25, -0.25, -0.25, -0.25]  Player1 score: 12007  Player2 score: 11694
player 1 weights[18, 0.25, -11.25, 0.25, 0.25, 18, 0.25, 0.25, 0.75, -18]  player 2 weights[-18, -18, -16.75, 0.25, -18, 0.25, 0.25, 0.25, 0.25, 0.25]  Player1 score: 12057  Player2 score: 11744
player 1 weights[18, -0.25, -0.25, -0.25, -0.25, -0.25, -0.25, -0.25, -0.25, -0.25]  player 2 weights[18, 18, -0.25, -0.25, -0.25, -0.25, -0.25, -0.25, -0.25, -0.25]  Player1 score: 12112  Player2 score: 11789
player 1 weights[-18, 0.25, 0.25, 0.25, 0.25, 18, 0.25, 0.25, 0.25, 0.5]  player 2 weights[18, 18, -18, 0.25, 0.25, 18, 0.25, 0.25, 0.25, 0.25]  Player1 score: 12159  Player2 score: 11842
player 1 weights[18, -0.25, -0.25, -0.25, -0.25, 0.625, -0.25, -0.25, -0.25, 0.375]  player 2 weights[-18, -18, -18, -0.25, -0.25, -0.25, -0.25, -0.25, -0.5, -0.25]  Player1 score: 12215  Player2 score: 11886
player 1 weights[18, -0.25, -0.25, -0.25, -0.25, -0.25, -0.25, -0.25, -0.25, -0.25]  player 2 weights[18, 18, -0.25, -18, -0.25, -0.25, -0.25, -0.25, -0.25, -0.25]  Player1 score: 12272  Player2 score: 11929
player 1 weights[18, -0.25, -0.25, -0.375, -0.25, -0.25, -0.25, -0.25, 17.75, -0.25]  player 2 weights[-18, -18, -0.25, -0.75, -0.25, -0.25, -0.25, -0.25, -18.25, -0.25]  Player1 score: 12323  Player2 score: 11978
player 1 weights[-18, -0.25, -8.75, -0.25, -0.25, -0.25, -0.25, -0.25, -0.25, 0.0]  player 2 weights[18, 18, -0.25, 4.0, -0.25, 17.75, -0.25, -0.25, 0.0, 0.0]  Player1 score: 12381  Player2 score: 12020
player 1 weights[18, -0.25, -0.25, -0.25, -0.25, -0.25, -0.25, -0.25, 1.5, -0.25]  player 2 weights[-18, -18, -0.25, -0.25, -0.25, -0.25, -0.25, -0.25, -0.25, 0.0625]  Player1 score: 12433  Player2 score: 12068
player 1 weights[18, -0.25, -0.25, -0.25, -18, -0.25, -0.25, -0.25, -0.25, -0.25]  player 2 weights[-18, -18, -0.25, -0.25, -0.25, -0.25, -0.25, -0.25, 17.75, -0.25]  Player1 score: 12485  Player2 score: 12116
player 1 weights[-18, -0.25, 18, -0.25, -0.25, 18, -0.25, 18, -0.25, -0.25]  player 2 weights[18, 18, -0.25, 1.25, -0.25, -0.25, -0.25, -0.25, -0.25, -0.25]  Player1 score: 12537  Player2 score: 12164
player 1 weights[18, -0.25, -0.25, -0.25, -0.25, -0.25, -0.25, -0.25, -0.25, -0.25]  player 2 weights[18, 18, -0.25, -0.25, -0.25, -0.25, -0.25, -0.25, -0.25, -0.25]  Player1 score: 12588  Player2 score: 12213
player 1 weights[-18, -0.25, -0.25, -0.25, -0.25, -0.25, -0.25, -18, -0.25, 0.625]  player 2 weights[-18, -18, -0.25, -0.25, -0.25, -0.25, -0.25, -0.25, -0.25, 3.75]  Player1 score: 12640  Player2 score: 12261
player 1 weights[18, -0.25, 18, 0.625, -0.25, -0.25, -0.25, -0.25, 0.0, -0.25]  player 2 weights[18, 18, -0.25, -0.25, -0.25, -0.25, -0.25, -0.25, -18.25, 0.0]  Player1 score: 12696  Player2 score: 12305
player 1 weights[18, -0.25, -0.25, 17.75, -0.25, 17.75, -0.25, -0.25, 0.0, -0.5]  player 2 weights[-18, -18, -12.0, -0.25, -0.25, -0.25, -0.25, -0.25, -0.25, -0.375]  Player1 score: 12755  Player2 score: 12346
player 1 weights[18, -0.25, -0.25, -0.5, -0.25, 12.0, -0.25, -0.25, 0.625, -0.25]  player 2 weights[18, 18, 0.0, -0.25, -18, -0.25, -0.25, -0.25, -18.25, -2.0]  Player1 score: 12802  Player2 score: 12399
player 1 weights[-18, -0.25, -0.25, -0.25, -0.25, -0.25, -0.25, -0.25, -0.25, -0.25]  player 2 weights[18, 18, -0.25, -0.25, -0.25, -0.25, -0.25, -0.25, -0.25, -0.25]  Player1 score: 12849  Player2 score: 12452
player 1 weights[18, -0.25, -0.75, -0.25, -18, -0.25, -0.25, -0.25, -0.25, -0.25]  player 2 weights[-18, -18, -0.25, 0.0, -0.25, 9.625, -0.25, -0.25, -4.25, 0.0]  Player1 score: 12901  Player2 score: 12500
player 1 weights[18, -0.25, -0.25, -0.25, -0.25, -0.25, -0.25, 18, -0.25, -0.25]  player 2 weights[18, 18, -0.25, 18, -0.25, -0.25, -0.25, -0.25, -0.25, -0.25]  Player1 score: 12954  Player2 score: 12547
player 1 weights[-18, 0.25, 0.25, 0.25, 0.25, 0.25, 0.25, 0.25, 0.25, 0.25]  player 2 weights[18, 18, 18, 0.25, 0.25, 0.25, 0.25, 0.25, 0.25, 0.75]  Player1 score: 13003  Player2 score: 12598
player 1 weights[18, -0.25, -0.25, -0.25, -0.25, -0.25, -0.25, -0.25, -0.25, -0.25]  player 2 weights[-18, -18, -0.25, -0.25, -0.25, -0.25, -0.25, 18, -0.25, -0.25]  Player1 score: 13061  Player2 score: 12640
player 1 weights[-18, -0.25, -0.25, 2.375, -0.25, -0.25, -0.25, -0.25, -0.25, -0.25]  player 2 weights[18, 18, -18, -2.0, -0.25, -0.25, -0.25, -0.25, -0.25, 0.25]  Player1 score: 13103  Player2 score: 12698
player 1 weights[18, -0.25, -0.25, -0.25, -0.25, 18, -0.25, -0.25, 0.75, -0.625]  player 2 weights[18, 18, -0.25, -0.25, -0.25, -0.25, -0.25, -0.25, -0.25, -0.25]  Player1 score: 13158  Player2 score: 12743
player 1 weights[18, -0.25, -0.25, -0.25, -0.25, -0.25, -0.25, -0.25, -0.25, -0.25]  player 2 weights[-18, -18, -18, 4.875, -0.25, -0.25, -0.25, 18, -0.25, -0.25]  Player1 score: 13209  Player2 score: 12792
player 1 weights[18, -0.25, -0.25, -0.25, -0.25, 2.25, -0.25, -0.25, -0.25, 0.0]  player 2 weights[-18, -18, -18, 0.0, -0.25, -0.25, -0.25, -0.25, -0.25, -0.5]  Player1 score: 13259  Player2 score: 12842
player 1 weights[18, -0.25, 0.0, -0.25, -0.25, -0.25, -0.25, -0.25, 0.625, -2.25]  player 2 weights[18, 18, 6.75, 1.75, -0.25, -0.25, -0.25, -0.25, 0.375, -18.25]  Player1 score: 13306  Player2 score: 12895
player 1 weights[18, -0.25, -0.25, -0.25, -0.25, -0.25, -0.25, -0.25, -0.25, -0.25]  player 2 weights[-18, -18, -0.25, 1.0625, -0.25, -0.25, -0.25, -0.25, -0.25, -0.25]  Player1 score: 13365  Player2 score: 12936
player 1 weights[18, -0.25, -0.25, -0.25, -0.25, -0.25, -0.25, -0.25, -0.25, -0.25]  player 2 weights[-18, -18, -0.25, -0.25, -0.25, -0.25, -0.25, -0.25, -0.25, 1.375]  Player1 score: 13415  Player2 score: 12986
player 1 weights[-18, -0.25, -0.25, 4.0, -0.25, -18.25, -0.25, -0.25, -0.5, -0.375]  player 2 weights[-18, -18, -18, -0.25, -0.25, -0.25, -0.25, -0.25, -0.25, -0.25]  Player1 score: 13462  Player2 score: 13039
player 1 weights[-18, -0.25, -0.25, -0.25, -0.25, -0.25, -0.25, -0.25, -0.25, -0.25]  player 2 weights[-18, -18, -0.25, -0.25, -0.25, -0.25, -0.25, -18, -0.25, 17.75]  Player1 score: 13512  Player2 score: 13089
player 1 weights[18, -0.25, -18, 2.625, -0.25, 12.0, -0.25, -0.25, -0.25, -0.375]  player 2 weights[-18, -18, -6.0, -0.25, -0.25, -18.25, -0.25, -0.25, -0.25, -0.25]  Player1 score: 13557  Player2 score: 13144
player 1 weights[-18, 0.25, 0.25, 0.25, 0.25, 0.25, 0.25, 0.25, 0.25, -0.25]  player 2 weights[18, 18, 0.25, 0.25, 0.25, 0.25, 0.25, 0.25, 0.25, 0.25]  Player1 score: 13615  Player2 score: 13186
player 1 weights[18, -0.25, 18, 0.375, -0.25, -0.25, -0.25, -0.25, -0.25, 0.375]  player 2 weights[18, 18, 18, -2.0, -0.25, -0.25, -0.25, -0.25, -0.375, -0.25]  Player1 score: 13660  Player2 score: 13241
player 1 weights[-18, -0.25, -0.25, -0.25, -0.25, -0.25, -0.25, -0.25, -18.25, -18.25]  player 2 weights[18, 18, -0.25, -6.25, -0.25, -0.25, -0.25, -0.25, -0.25, -0.25]  Player1 score: 13711  Player2 score: 13290
player 1 weights[18, -0.25, -0.25, -0.25, -0.25, -0.25, -0.25, -0.25, -0.25, 1.0]  player 2 weights[18, 18, -0.25, 0.625, -0.25, -0.25, -0.25, -18, -0.25, -0.25]  Player1 score: 13760  Player2 score: 13341
player 1 weights[-18, -0.25, -18, 0.625, -0.25, -0.25, -0.25, -0.25, -0.25, -0.25]  player 2 weights[18, 18, -2.0, -0.25, -0.25, -0.25, -0.25, -0.25, -0.25, -0.25]  Player1 score: 13813  Player2 score: 13388
player 1 weights[-18, -0.25, -0.25, -0.25, -0.25, -0.25, -0.25, -0.25, 2.625, -0.25]  player 2 weights[18, 18, -0.25, -0.25, -0.25, 18, -0.25, -0.25, -0.25, 2.625]  Player1 score: 13869  Player2 score: 13432
player 1 weights[-18, -0.25, -0.25, -0.25, -0.25, -0.25, -0.25, -18, -0.25, -0.25]  player 2 weights[-18, -18, -0.25, -0.25, -0.25, -0.25, 18, -0.25, -0.25, -0.75]  Player1 score: 13918  Player2 score: 13483
player 1 weights[-18, -0.25, 18, -0.25, -0.25, -0.25, -0.25, -0.25, -0.25, -0.25]  player 2 weights[-18, -18, -0.25, -0.25, -0.25, -0.25, -0.25, -0.25, -0.25, -0.25]  Player1 score: 13966  Player2 score: 13535
player 1 weights[18, -0.25, 18, -0.25, 18, -0.25, -0.25, 18, -0.25, -0.5]  player 2 weights[-18, -18, -18, -4.5, -0.25, -18.25, -0.25, 18, -0.25, -0.125]  Player1 score: 14009  Player2 score: 13592
player 1 weights[-18, -0.25, -7.25, -0.25, -0.25, -0.25, -0.25, -0.25, -2.0, 0.15625]  player 2 weights[18, 18, -0.25, -0.25, -0.25, 18, -0.25, -0.25, -0.25, -2.0]  Player1 score: 14055  Player2 score: 13646
player 1 weights[18, -0.25, 18, 1.5, -0.25, -0.25, -0.25, -18, -16.25, 0.0]  player 2 weights[-18, -18, -0.25, 17.75, -0.25, -0.25, -0.25, -0.25, 0.75, -0.25]  Player1 score: 14115  Player2 score: 13686
player 1 weights[-18, -0.25, -0.25, -18, -0.25, -0.25, -0.25, -18, -0.25, -0.5]  player 2 weights[18, 18, -0.25, -0.25, -0.25, -0.25, -0.25, -0.25, -0.25, -0.25]  Player1 score: 14157  Player2 score: 13744
player 1 weights[-18, -0.25, -0.25, -0.25, -18, -0.25, -0.25, -0.25, -0.25, -0.5]  player 2 weights[-18, -18, -0.25, -0.25, -0.25, -0.25, -0.25, -0.25, -0.25, -0.25]  Player1 score: 14206  Player2 score: 13795
player 1 weights[18, -0.25, -0.25, -1.5, -0.25, -0.25, -0.25, -0.25, -0.25, -0.75]  player 2 weights[-18, -18, -0.25, -0.46875, -0.25, -0.25, -0.25, -0.25, -0.25, -0.25]  Player1 score: 14259  Player2 score: 13842
player 1 weights[-18, -0.25, -1.5, -0.25, -0.25, -0.25, -0.25, -18, -0.25, 0.0]  player 2 weights[18, 18, -0.25, 0.0, -0.25, 17.75, -0.25, -0.25, -0.25, 0.625]  Player1 score: 14309  Player2 score: 13892
player 1 weights[18, -0.25, -0.25, -0.25, -0.25, 18, -0.25, -0.25, -0.25, -0.25]  player 2 weights[-18, -18, -0.25, -0.25, -0.25, -0.25, -0.25, -0.25, -0.25, -0.25]  Player1 score: 14355  Player2 score: 13946
player 1 weights[-18, -0.25, -0.25, -0.25, -0.25, -0.25, -0.25, -0.25, -0.25, -0.25]  player 2 weights[-18, -18, -0.25, 7.5, -18, -0.25, -0.25, -0.25, -0.25, -0.25]  Player1 score: 14412  Player2 score: 13989
player 1 weights[-18, -0.25, 0.375, -2.0, -18, -0.25, -0.25, -0.25, -18, -0.25]  player 2 weights[-18, -18, 18, 1.0625, -0.25, -0.25, -0.25, -0.25, -0.25, -0.25]  Player1 score: 14464  Player2 score: 14037
player 1 weights[18, -0.25, -0.25, -18, -0.25, -0.25, -0.25, -0.25, -0.25, -0.625]  player 2 weights[18, 18, -0.25, -0.25, -18, -0.25, -0.25, -0.25, -0.25, -0.46875]  Player1 score: 14508  Player2 score: 14093
player 1 weights[-18, -0.25, -0.25, 0.0, -0.25, -0.25, -0.25, -0.25, -0.25, 0.0]  player 2 weights[-18, -18, -0.25, -0.25, -0.25, 18, -0.25, -0.25, -1.5, -0.25]  Player1 score: 14562  Player2 score: 14139
player 1 weights[-18, -0.25, -0.25, 18, -0.25, -0.25, -0.25, -0.25, -0.25, -0.25]  player 2 weights[-18, -18, -0.25, -0.25, -0.25, -0.25, -0.25, -0.25, -0.25, -0.25]  Player1 score: 14606  Player2 score: 14195
player 1 weights[18, -0.25, -0.25, -0.25, -0.25, -0.25, -0.25, -0.25, -0.25, -0.25]  player 2 weights[-18, -18, -0.25, -0.25, -0.25, -0.25, 18, -0.25, -0.25, -0.25]  Player1 score: 14661  Player2 score: 14240
player 1 weights[-18, 0.25, 0.25, 0.25, 0.25, 0.25, 0.25, 0.25, 0.25, 0.25]  player 2 weights[18, 18, 18, 0.25, 0.25, 0.25, 0.25, -18, 0.25, 0.25]  Player1 score: 14717  Player2 score: 14284
player 1 weights[-18, -0.25, -0.25, -0.25, 18, -0.25, -0.25, -0.25, -0.25, -0.25]  player 2 weights[18, 18, -0.25, -0.25, -0.25, -0.25, -0.25, 18, -0.25, -0.25]  Player1 score: 14765  Player2 score: 14336
player 1 weights[-18, -0.25, -0.25, -0.25, -0.25, -0.25, -0.25, -18, -0.25, -0.25]  player 2 weights[-18, -18, -0.25, -0.25, -0.25, 18, -0.25, -0.25, -18, -0.5]  Player1 score: 14812  Player2 score: 14389
player 1 weights[-18, -0.25, -16.5, -0.25, -0.25, -0.25, -0.25, -0.25, -0.25, -0.25]  player 2 weights[-18, -18, -0.25, -2.25, -0.25, -0.25, -0.25, -0.25, -0.25, -0.25]  Player1 score: 14870  Player2 score: 14431
player 1 weights[-18, -0.25, 18, -0.25, -0.25, -0.25, -0.25, -0.25, -0.25, -0.25]  player 2 weights[18, 18, -0.25, 16.75, 18, -0.25, -0.25, -0.25, -0.25, -18.25]  Player1 score: 14921  Player2 score: 14480
player 1 weights[-18, -0.25, 18, -3.75, -0.25, -0.25, -0.25, -0.25, 18, -0.25]  player 2 weights[18, 18, -0.25, 1.25, 18, -0.25, -0.25, -0.25, -0.25, -0.25]  Player1 score: 14969  Player2 score: 14532
player 1 weights[-18, -0.25, -0.25, 5.625, -0.25, -0.25, -0.25, -0.25, -0.25, -4.3125]  player 2 weights[-18, -18, -0.25, -2.0, -0.25, -18, -0.25, -0.25, -0.25, 2.625]  Player1 score: 15024  Player2 score: 14577
player 1 weights[18, -0.25, -0.25, -0.25, -0.25, -0.25, -0.25, -0.25, -0.25, -0.25]  player 2 weights[18, 18, -0.25, -0.25, -0.25, -0.25, -0.25, -0.25, 18, -0.5]  Player1 score: 15068  Player2 score: 14633
player 1 weights[18, -0.25, -0.25, -0.25, -0.25, -0.25, -0.25, -0.25, -0.25, -18]  player 2 weights[-18, -18, -0.25, -18.25, -0.25, -0.25, -0.25, -0.25, -0.25, -0.25]  Player1 score: 15115  Player2 score: 14686
player 1 weights[-18, -0.25, 2.25, -0.25, -0.25, -0.25, -0.25, -0.25, -0.25, -0.25]  player 2 weights[-18, -18, -0.25, -0.25, -0.25, -0.25, -0.25, 18, 17.75, -0.25]  Player1 score: 15166  Player2 score: 14735
player 1 weights[18, -0.25, -0.25, 2.625, -0.25, -0.25, -0.25, -0.25, -0.25, -0.25]  player 2 weights[-18, -18, -0.25, -0.25, -0.25, -0.25, -0.25, -0.25, -0.25, -0.25]  Player1 score: 15223  Player2 score: 14778
player 1 weights[18, -0.25, -0.25, -0.25, -0.25, -0.25, -0.25, -0.25, -18, -0.25]  player 2 weights[-18, -18, -18, -0.25, -0.25, -0.25, -0.25, -0.25, -0.25, -0.25]  Player1 score: 15273  Player2 score: 14828
player 1 weights[18, 0.25, 0.25, 0.25, 0.25, 0.25, 0.25, 0.25, 0.25, 0.25]  player 2 weights[18, 18, 0.25, 0.25, 0.25, 0.25, 0.25, 0.25, -18, 0.25]  Player1 score: 15316  Player2 score: 14885
player 1 weights[18, -0.25, -0.25, 5.625, -0.25, -0.25, -0.25, -0.25, -4.625, -0.5]  player 2 weights[18, 18, -0.25, -18.25, -0.25, -0.25, -0.25, -0.25, -0.25, -2.0]  Player1 score: 15370  Player2 score: 14931
player 1 weights[18, -0.25, -0.25, -0.25, -0.25, -0.25, -0.25, -0.25, -0.25, -0.25]  player 2 weights[18, 18, -0.25, -0.25, -0.25, -0.25, -0.25, -0.25, -0.25, -0.25]  Player1 score: 15406  Player2 score: 14995
player 1 weights[-18, -0.25, -0.25, 1.5, -0.25, -0.25, -0.25, -18, -0.25, 0.0]  player 2 weights[18, 18, -18, -17.125, -0.25, -0.25, -0.25, -0.25, -0.25, -0.25]  Player1 score: 15451  Player2 score: 15050
player 1 weights[18, 0.25, 0.25, 0.25, 0.25, 0.25, 0.25, 0.25, 0.25, 0.25]  player 2 weights[18, 18, 18, 0.25, 0.25, 0.25, 0.25, 0.25, 0.25, 0.25]  Player1 score: 15492  Player2 score: 15109
player 1 weights[18, -0.25, -0.25, -0.25, -0.25, -0.25, -0.25, -18, -0.25, -0.4375]  player 2 weights[18, 18, 0.75, -15.75, -0.25, -0.25, -0.25, 18, -0.375, -0.25]  Player1 score: 15542  Player2 score: 15159
player 1 weights[-18, 0.25, 0.25, -18, 0.25, 0.25, 0.25, 0.25, 0.25, 0.25]  player 2 weights[-18, -18, 0.25, 0.25, 0.25, 0.25, 0.25, 0.25, 0.25, 0.25]  Player1 score: 15592  Player2 score: 15209
player 1 weights[-18, -0.25, -0.25, -0.25, -18, -0.25, -0.25, -0.25, -18, 1.5]  player 2 weights[18, 18, -0.25, -0.25, -0.25, -0.25, -0.25, -0.25, -0.25, -0.25]  Player1 score: 15643  Player2 score: 15258
player 1 weights[-18, -0.25, -0.25, -0.25, -0.25, -0.25, -0.25, -0.25, -0.25, 4.25]  player 2 weights[18, 18, -0.25, -0.25, -0.25, -0.25, -0.25, -18, -0.25, -0.25]  Player1 score: 15701  Player2 score: 15300
player 1 weights[18, -0.25, -0.25, -0.25, -0.25, -0.25, -0.25, -0.25, -0.25, -0.25]  player 2 weights[18, 18, -0.25, -0.25, -0.25, -0.25, -0.25, -0.25, -0.25, -0.25]  Player1 score: 15758  Player2 score: 15343
player 1 weights[-18, -0.25, 0.25, -0.25, -0.25, -0.25, -0.25, -0.25, -0.25, -0.5]  player 2 weights[18, 18, -0.25, -0.5, -0.25, 18, -0.25, -0.25, -18.25, -0.125]  Player1 score: 15803  Player2 score: 15398
player 1 weights[-18, -0.25, -0.25, 17.75, -0.25, -0.25, -0.25, -0.25, -6.0, -0.25]  player 2 weights[18, 18, -0.25, -14.625, -0.25, -0.25, -0.25, -0.25, -0.25, 2.625]  Player1 score: 15857  Player2 score: 15444
player 1 weights[-18, -0.25, -0.25, -0.25, -0.25, -0.25, -0.25, -0.25, -0.25, -0.25]  player 2 weights[18, 18, -0.25, -0.25, -18, -0.25, -0.25, -0.25, -0.25, -0.5625]  Player1 score: 15911  Player2 score: 15490
player 1 weights[18, -0.25, -0.25, 0.0, -0.25, -0.25, -0.25, -0.25, -0.25, 0.0]  player 2 weights[-18, -18, -0.25, -0.25, -0.25, -0.25, -0.25, -0.25, -0.25, -0.625]  Player1 score: 15963  Player2 score: 15538
player 1 weights[-18, -0.25, -0.25, -0.25, -0.25, -0.25, -0.25, -0.25, -0.25, -0.25]  player 2 weights[18, 18, -0.25, 1.0625, -0.25, -0.25, -0.25, -0.25, 18, -0.25]  Player1 score: 16023  Player2 score: 15578
player 1 weights[-18, -0.25, -0.25, -0.25, -0.25, -18, -0.25, -0.25, -0.25, 17.75]  player 2 weights[-18, -18, -0.25, -0.25, -0.25, -0.25, -0.25, -0.25, -0.25, -0.625]  Player1 score: 16082  Player2 score: 15619
player 1 weights[-18, -0.25, -0.25, -0.25, -0.25, -0.25, -0.25, -0.25, -0.25, 0.0]  player 2 weights[18, 18, -0.25, -0.25, -0.25, -18, -0.25, -0.25, 18.0, -0.5]  Player1 score: 16139  Player2 score: 15662
player 1 weights[-18, -0.25, -0.25, -0.25, -0.25, -0.25, 18, -0.25, -18, -0.25]  player 2 weights[-18, -18, -0.25, -0.25, -0.25, -0.25, -0.25, -18, -0.25, -0.25]  Player1 score: 16192  Player2 score: 15709
player 1 weights[18, -0.25, -2.0, -0.25, -0.25, -0.25, -0.25, -0.25, -0.25, -0.25]  player 2 weights[18, 18, -0.25, 0.625, -0.25, 9.625, -0.25, -0.25, -0.25, -0.25]  Player1 score: 16248  Player2 score: 15753
player 1 weights[-18, -0.25, -0.25, -0.25, -0.25, -0.25, -0.25, -0.25, -0.25, -0.25]  player 2 weights[18, 18, -0.25, -0.25, -0.25, -0.25, -0.25, -0.25, -0.25, -0.25]  Player1 score: 16295  Player2 score: 15806
player 1 weights[18, -0.25, -0.25, -0.25, -0.25, -0.25, -0.25, -18, 17.75, -0.25]  player 2 weights[18, 18, -0.25, 1.5, -18, -0.25, -0.25, -0.25, -0.25, -0.25]  Player1 score: 16344  Player2 score: 15857
player 1 weights[18, -0.25, -0.25, 0.0, -18, 1.5, -0.25, 18, 0.0, -0.25]  player 2 weights[-18, -18, -0.75, -0.25, -9.0, -0.25, 18, -0.25, -0.25, -0.25]  Player1 score: 16395  Player2 score: 15906
player 1 weights[-18, 0.25, 0.25, 0.25, 0.25, 0.25, 0.25, 0.25, 0.25, 6.125]  player 2 weights[18, 18, 0.25, 0.25, 0.25, 0.25, 0.25, 18, 6.125, 1.125]  Player1 score: 16443  Player2 score: 15958
player 1 weights[18, -0.25, -0.25, -0.25, -0.25, -0.25, -0.25, -0.25, -0.25, 2.625]  player 2 weights[-18, -18, -0.25, -0.25, -0.25, -0.25, -0.25, -0.25, -0.25, 0.0]  Player1 score: 16493  Player2 score: 16008
player 1 weights[18, -0.25, -0.25, -0.25, -0.25, -0.25, -0.25, -0.25, -0.25, -0.25]  player 2 weights[18, 18, -0.25, -18.25, -0.25, -0.25, -0.25, -0.25, 18, -1.125]  Player1 score: 16548  Player2 score: 16053
player 1 weights[18, -0.25, -0.25, 0.0, -0.25, -0.25, -0.25, -0.25, -0.25, -0.5]  player 2 weights[-18, -18, -0.25, -0.25, -0.25, -0.25, -0.25, -0.25, -0.25, 0.0]  Player1 score: 16597  Player2 score: 16104
player 1 weights[-18, -0.25, -0.25, -0.25, -0.25, -0.25, -0.25, -0.25, -0.25, 0.0]  player 2 weights[-18, -18, -0.25, -0.25, -0.25, -0.25, -0.25, -0.25, -0.25, -0.25]  Player1 score: 16650  Player2 score: 16151
player 1 weights[18, -0.25, 8.5, 0.0, -0.25, -0.25, -0.25, -0.25, -0.25, -18.25]  player 2 weights[18, 18, -0.25, -0.25, -0.25, 18, -18, -0.25, -0.25, 17.75]  Player1 score: 16696  Player2 score: 16205
player 1 weights[-18, -0.25, -0.25, -0.25, -0.25, -0.25, -0.25, -0.25, -0.25, -0.25]  player 2 weights[18, 18, -0.25, -0.25, -0.25, -0.25, 18, -0.25, -0.25, -0.25]  Player1 score: 16743  Player2 score: 16258
player 1 weights[-18, -0.25, 3.25, 4.0, -0.25, -0.25, -0.25, -0.25, -0.25, 0.0]  player 2 weights[18, 18, -0.25, -0.25, -0.25, -0.25, -0.25, -0.25, -0.25, -0.25]  Player1 score: 16787  Player2 score: 16314
player 1 weights[-18, -0.25, -0.25, -0.25, -0.25, -0.25, -0.25, -0.25, 18, 18]  player 2 weights[18, 18, -0.25, -0.25, -18, -18, -0.25, 18, -0.25, -0.25]  Player1 score: 16831  Player2 score: 16370
player 1 weights[18, -0.25, -0.25, -0.25, -0.25, -0.25, -0.25, -0.25, -0.25, -0.375]  player 2 weights[-18, -18, -0.25, -0.25, -0.25, -0.25, -0.25, -0.25, -0.25, -0.25]  Player1 score: 16889  Player2 score: 16412
player 1 weights[18, -0.25, -0.25, 12.875, -0.25, -0.25, -0.25, -0.25, 0.625, 0.625]  player 2 weights[-18, -18, -0.25, -0.25, -0.25, -0.25, -0.25, -0.25, -0.25, 0.625]  Player1 score: 16939  Player2 score: 16462
player 1 weights[-18, -0.25, -0.25, -0.25, -0.25, -0.25, -0.25, -0.25, -0.25, -0.25]  player 2 weights[18, 18, -0.25, -0.25, -18, -0.25, -0.25, -0.25, -0.25, -0.4375]  Player1 score: 16987  Player2 score: 16514
player 1 weights[18, -0.25, -0.25, 2.625, -0.25, -0.25, -0.25, -0.25, -0.25, -18]  player 2 weights[18, 18, -0.25, -0.25, -18, -0.25, -0.25, -0.25, -0.25, -1.5]  Player1 score: 17038  Player2 score: 16563
player 1 weights[-18, 0.25, 0.25, 0.25, 0.25, 0.25, 0.25, 0.25, 0.25, 0.25]  player 2 weights[-18, -18, 0.25, 0.25, 0.25, 0.25, 0.25, 0.25, 0.25, 0.25]  Player1 score: 17094  Player2 score: 16607
player 1 weights[-18, -0.25, -0.25, -9.375, -0.25, -0.25, -0.25, -0.25, -18, -18]  player 2 weights[18, 18, -0.25, -0.25, 18, -0.25, -0.25, 18, -0.25, -0.25]  Player1 score: 17139  Player2 score: 16662
player 1 weights[18, -0.25, -2.0, -0.25, -18, -0.25, -0.25, -0.25, -0.375, -0.5]  player 2 weights[-18, -18, -0.25, 0.625, -0.25, -18.25, -0.25, -0.25, -0.5, -0.375]  Player1 score: 17191  Player2 score: 16710
player 1 weights[18, -0.25, 8.5, 8.25, -0.25, -0.25, -0.25, -0.25, -0.25, -0.25]  player 2 weights[-18, -18, -18, 17.75, -0.25, -0.25, -0.25, -0.25, -0.25, -0.125]  Player1 score: 17241  Player2 score: 16760
player 1 weights[18, 0.25, 0.25, 7.25, 0.25, 0.25, 0.25, 0.25, 0.25, 0.25]  player 2 weights[-18, -18, 0.25, 0.25, 18, 0.25, 0.25, 0.25, -0.25, 0.25]  Player1 score: 17289  Player2 score: 16812
player 1 weights[-18, -0.25, -0.25, -0.25, -0.25, -18, -0.25, -0.25, -18, -0.25]  player 2 weights[18, 18, -0.25, -0.25, -0.25, -0.25, -0.25, -18, 0.25, -0.25]  Player1 score: 17331  Player2 score: 16870
player 1 weights[18, -0.25, -0.25, -0.25, -0.25, -0.25, -0.25, -0.25, -0.25, -0.25]  player 2 weights[-18, -18, -0.25, -0.25, -0.25, -0.25, -0.25, -0.25, -0.25, -0.5]  Player1 score: 17389  Player2 score: 16912
player 1 weights[18, -0.25, -0.25, 0.625, -0.25, 17.75, -0.25, -0.25, -0.375, 0.625]  player 2 weights[18, 18, -2.0, -0.25, -18, -0.25, -0.25, -18, -0.25, -1.25]  Player1 score: 17440  Player2 score: 16961
player 1 weights[-18, 0.25, 0.25, 0.25, 0.25, 0.25, 0.25, 0.25, 0.25, 0.25]  player 2 weights[18, 18, 0.25, 0.25, 0.25, 0.25, 0.25, -18, 0.25, 0.25]  Player1 score: 17487  Player2 score: 17014
player 1 weights[18, -0.25, 6.75, 4.0, -0.25, -0.25, -0.25, -0.25, -0.25, -0.25]  player 2 weights[-18, -18, -8.75, -0.25, -0.25, -0.25, -0.25, -0.25, -0.25, -0.25]  Player1 score: 17527  Player2 score: 17074
player 1 weights[-18, -0.25, -0.25, -0.25, -0.25, -0.25, -0.25, -0.25, -0.25, -0.25]  player 2 weights[18, 18, -0.25, -0.25, -0.25, -0.25, -0.25, -18, -18.25, -0.25]  Player1 score: 17573  Player2 score: 17128
player 1 weights[-18, -0.25, -0.25, 2.625, -0.25, -0.25, -0.25, -0.25, -0.25, 2.8125]  player 2 weights[18, 18, -0.25, -0.25, -0.25, -0.25, -0.25, -0.25, -0.25, -0.25]  Player1 score: 17621  Player2 score: 17180
player 1 weights[18, -0.25, -0.25, -0.25, -0.25, -0.25, -0.25, 18, -0.25, -0.25]  player 2 weights[-18, -18, -0.25, -0.25, -0.25, -0.25, -0.25, -0.25, -0.25, -0.25]  Player1 score: 17675  Player2 score: 17226
player 1 weights[18, -0.25, -0.25, -0.25, -0.25, -18, -0.25, -0.25, -0.375, 0.0]  player 2 weights[18, 18, -0.25, 17.25, -0.25, -0.25, -0.25, -0.25, -0.25, -0.375]  Player1 score: 17732  Player2 score: 17269
player 1 weights[-18, -0.25, -0.25, 1.5, -0.25, -0.25, -0.25, -0.25, -0.25, -9.25]  player 2 weights[-18, -18, -16.0, -0.25, -0.25, -0.25, -0.25, 18, 0.875, -18.25]  Player1 score: 17780  Player2 score: 17321
player 1 weights[18, -0.25, -0.25, -0.25, -0.25, -0.25, -0.25, -0.25, -0.25, -0.25]  player 2 weights[-18, -18, -0.25, -0.25, -0.25, -0.25, -0.25, -0.25, -0.25, -0.25]  Player1 score: 17829  Player2 score: 17372
player 1 weights[18, -0.25, -0.25, 0.625, -0.25, -0.25, -0.25, 18, 0.0, 0.625]  player 2 weights[-18, -18, -2.0, -0.25, -0.25, -0.25, -0.25, -0.25, -0.25, 0.0]  Player1 score: 17879  Player2 score: 17422
player 1 weights[-18, -0.25, -0.25, -0.25, -0.25, -0.25, -0.25, -18, -0.25, -0.25]  player 2 weights[-18, -18, -0.25, -0.25, -0.25, -0.25, -0.25, -0.25, -0.25, -0.25]  Player1 score: 17926  Player2 score: 17475
player 1 weights[-18, -0.25, 18, 0.0, -0.25, -0.25, -0.25, -0.25, -0.25, -0.25]  player 2 weights[18, 18, -0.25, 3.75, -0.25, -0.25, -0.25, -0.25, -0.25, -0.25]  Player1 score: 17975  Player2 score: 17526
player 1 weights[18, -0.25, -0.25, -0.25, -0.25, -0.25, -0.25, -0.25, -0.25, 0.625]  player 2 weights[18, 18, 3.5, -0.25, -0.25, -0.25, -0.25, -0.25, -0.25, -0.25]  Player1 score: 18022  Player2 score: 17579
player 1 weights[18, -0.25, -0.25, -0.25, -0.25, -0.25, -0.25, -0.25, -0.25, -0.4375]  player 2 weights[18, 18, 4.75, -0.25, -0.25, -0.25, -0.25, -0.25, -0.25, -0.25]  Player1 score: 18062  Player2 score: 17639
player 1 weights[18, -0.25, -0.25, -0.25, -0.25, -0.25, -0.25, -0.25, -0.25, -1.0]  player 2 weights[18, 18, -0.25, 3.25, -0.25, -0.25, -0.25, -0.25, -0.25, -0.25]  Player1 score: 18104  Player2 score: 17697
player 1 weights[18, 0.25, 0.25, 0.25, 0.25, 0.25, 0.25, 0.25, 0.25, 0.25]  player 2 weights[18, 18, 0.25, 0.25, 0.25, 0.25, 0.25, 18, -18, 0.25]  Player1 score: 18162  Player2 score: 17739
player 1 weights[18, -0.25, 0.75, -1.625, -0.25, -0.25, -0.25, 18, -0.25, 18]  player 2 weights[18, 18, -0.25, -0.25, -0.25, 18, -0.25, -0.25, -0.25, -0.25]  Player1 score: 18208  Player2 score: 17793
player 1 weights[18, -0.25, -0.25, -0.25, -0.25, 18, -0.25, -0.25, 0.25, -0.25]  player 2 weights[-18, -18, -0.25, -0.25, -0.25, -0.25, -0.25, -0.25, -0.25, -0.25]  Player1 score: 18257  Player2 score: 17844
player 1 weights[18, -0.25, -0.25, -0.25, -0.25, -0.25, -0.25, -0.25, -0.25, -0.5]  player 2 weights[18, 18, -0.25, -0.25, -0.25, -0.25, -0.25, -0.25, -0.25, -0.5625]  Player1 score: 18316  Player2 score: 17885
player 1 weights[18, -0.25, -0.25, -0.25, -0.25, -0.25, -0.25, -0.25, -0.25, -0.25]  player 2 weights[-18, -18, -0.25, -18, -0.25, -0.25, 18, -0.25, -18, -0.25]  Player1 score: 18371  Player2 score: 17930
player 1 weights[18, -0.25, -0.25, -0.25, -0.25, -0.25, -0.25, -0.25, -0.25, -0.25]  player 2 weights[-18, -18, -0.25, -0.25, -0.25, -0.25, -0.25, -0.25, -0.25, -0.25]  Player1 score: 18431  Player2 score: 17970
player 1 weights[-18, -0.25, -0.25, -0.25, -0.25, -0.25, -0.25, 18, -0.25, -0.25]  player 2 weights[18, 18, -0.25, -0.25, -0.25, -0.25, -0.25, -0.25, -0.25, -18]  Player1 score: 18477  Player2 score: 18024
player 1 weights[-18, -0.25, -0.25, -0.25, -0.25, -0.25, -0.25, -0.25, -0.25, -0.25]  player 2 weights[-18, -18, -0.25, -0.25, -0.25, -0.25, -0.25, -18, -0.25, -0.25]  Player1 score: 18528  Player2 score: 18073
player 1 weights[-18, -0.25, -0.25, -0.25, -0.25, -0.25, -0.25, -0.25, -0.25, -0.375]  player 2 weights[18, 18, -0.25, -0.25, -0.25, -0.25, -0.25, -0.25, -0.25, -0.25]  Player1 score: 18579  Player2 score: 18122
player 1 weights[-18, -0.25, -0.25, -0.25, -0.25, -0.25, -18, -0.25, -18, -0.25]  player 2 weights[18, 18, -0.25, -0.25, -0.25, -0.25, -0.25, -0.25, -0.25, -0.25]  Player1 score: 18637  Player2 score: 18164
player 1 weights[-18, -0.25, -0.25, -0.25, -18, -0.25, -0.25, -0.25, -0.25, 0.0]  player 2 weights[-18, -18, -0.25, -0.25, -0.25, -0.25, -0.25, -0.25, -0.25, -0.375]  Player1 score: 18684  Player2 score: 18217
player 1 weights[-18, -0.25, -2.0, -0.25, -18, -0.25, -0.25, -0.25, -7.25, -0.25]  player 2 weights[18, 18, -0.25, 0.625, -0.25, 12.0, -0.25, -0.25, -0.25, -0.25]  Player1 score: 18735  Player2 score: 18266
player 1 weights[-18, -0.25, -1.5, -0.25, -18, -0.25, -0.25, 18, -0.25, -0.25]  player 2 weights[-18, -18, -0.25, 0.0, -0.25, 1.5, -0.25, -0.25, -0.25, -0.25]  Player1 score: 18786  Player2 score: 18315
player 1 weights[-18, -0.25, -0.25, -0.25, -0.25, -0.25, -0.25, -0.25, -0.25, -0.25]  player 2 weights[-18, -18, -0.25, -0.25, -0.25, -0.25, -0.25, -0.25, -0.25, -0.25]  Player1 score: 18834  Player2 score: 18367
player 1 weights[-18, -0.25, 18, 5.5, -0.25, -0.25, -0.25, -0.25, -18.25, 2.0]  player 2 weights[18, 18, -18, -4.5, -0.25, -0.25, -0.25, -0.25, -0.25, -0.25]  Player1 score: 18887  Player2 score: 18414
player 1 weights[18, -0.25, -6.0, -0.25, -0.25, -0.25, -0.25, -0.25, 4.0, -0.25]  player 2 weights[-18, -18, -0.25, 2.625, -0.25, -0.25, -0.25, -0.25, -0.25, 4.0]  Player1 score: 18933  Player2 score: 18468
player 1 weights[-18, -0.25, -0.25, -0.25, -0.25, -0.25, -0.25, -0.25, -0.25, -0.5625]  player 2 weights[-18, -18, -0.25, 18, -0.25, -18, -0.25, -0.25, -0.25, -0.25]  Player1 score: 18980  Player2 score: 18521
player 1 weights[18, -0.25, 18, 7.25, -0.25, -0.25, -0.25, -0.25, -0.25, -0.5]  player 2 weights[18, 18, 18, -1.5, -0.25, -0.25, -0.25, -0.25, 0.0, -0.25]  Player1 score: 19032  Player2 score: 18569
player 1 weights[18, -0.25, -0.25, 0.0, -0.25, -0.25, -0.25, -0.25, -0.25, 0.0]  player 2 weights[-18, -18, -0.25, -0.25, -0.25, -0.25, -0.25, -18, -0.25, -0.25]  Player1 score: 19085  Player2 score: 18616
player 1 weights[18, -0.25, -18, 0.0, -0.25, -0.25, -0.25, -0.25, -0.25, -0.25]  player 2 weights[-18, -18, -0.25, -1.5, -0.25, -0.25, -0.25, -0.25, -0.25, -2.75]  Player1 score: 19131  Player2 score: 18670
player 1 weights[-18, -0.25, -0.25, 0.625, -0.25, -0.25, 18, -0.25, -0.25, -0.25]  player 2 weights[18, 18, -4.625, -15.75, -0.25, -0.25, -0.25, -0.25, -0.25, -0.25]  Player1 score: 19179  Player2 score: 18722
player 1 weights[-18, -0.25, -0.25, 9.625, -0.25, -0.25, -0.25, -0.25, -0.25, -0.375]  player 2 weights[18, 18, -0.25, -0.25, 18, -0.25, -0.25, 18, 0.25, -0.25]  Player1 score: 19231  Player2 score: 18770
player 1 weights[-18, -0.25, -0.25, -0.25, -0.25, -0.25, -0.25, -0.25, -1.5, 4.0]  player 2 weights[18, 18, -0.25, -0.25, -0.25, -0.25, -0.25, -0.25, -0.25, -0.25]  Player1 score: 19287  Player2 score: 18814
player 1 weights[18, -0.25, -0.25, 18, -0.25, -0.25, -0.25, -0.25, -0.25, -0.25]  player 2 weights[18, 18, -0.25, -0.25, -0.25, -0.25, -0.25, -0.25, -0.25, -0.25]  Player1 score: 19330  Player2 score: 18871
player 1 weights[18, -0.25, -11.75, -2.0, -0.25, -0.25, -0.25, -0.25, -18, 0.0]  player 2 weights[-18, -18, -0.25, -0.25, -0.25, -18, -0.25, -0.25, -0.25, -1.125]  Player1 score: 19385  Player2 score: 18916
player 1 weights[18, -0.25, -0.25, -0.25, -0.25, -0.25, -0.25, -0.25, -0.25, -0.4375]  player 2 weights[-18, -18, -0.25, 0.0, -0.25, -0.25, -0.25, -0.25, -0.25, -0.25]  Player1 score: 19433  Player2 score: 18968
player 1 weights[18, -0.25, 0.375, -6.0, -0.25, -0.25, -0.25, -0.25, -0.25, -0.25]  player 2 weights[-18, -18, 18, 8.5, -0.25, -0.25, -0.25, -0.25, -0.25, 1.5]  Player1 score: 19477  Player2 score: 19024
player 1 weights[18, -0.25, -0.25, -0.25, -0.25, -0.25, -0.25, -0.25, -0.25, -0.25]  player 2 weights[-18, -18, -0.25, -0.25, -0.25, -0.25, -0.25, -0.25, -0.25, 0.0]  Player1 score: 19529  Player2 score: 19072
player 1 weights[18, -0.25, -0.25, -18, -0.25, -18, -0.25, -0.25, -0.25, 0.0]  player 2 weights[-18, -18, -0.25, -0.25, -0.25, -0.25, -0.25, -0.25, -0.25, -0.25]  Player1 score: 19573  Player2 score: 19128
player 1 weights[-18, -0.25, -0.25, -0.25, -0.25, -0.25, -0.25, -0.25, -0.25, 0.0]  player 2 weights[18, 18, -0.25, -0.25, -0.25, -0.25, -0.25, -0.25, -18.25, -0.25]  Player1 score: 19607  Player2 score: 19194
player 1 weights[18, -0.25, -0.25, 0.625, -0.25, -0.25, -0.25, -18, -0.25, -0.25]  player 2 weights[18, 18, -4.625, -0.25, -0.25, -0.25, -0.25, -0.25, -0.25, 0.625]  Player1 score: 19658  Player2 score: 19243
player 1 weights[-18, 0.25, 0.25, 0.25, 0.25, 18, 0.25, 0.25, 0.25, 2.0]  player 2 weights[-18, -18, 0.25, 18, 0.25, 0.25, 0.25, 0.25, 0.25, 0.25]  Player1 score: 19712  Player2 score: 19289
player 1 weights[-18, -0.25, 8.5, -0.25, -0.25, -0.25, -0.25, -0.25, -0.25, -0.5]  player 2 weights[18, 18, -0.25, -2.0, -0.25, -0.25, -0.25, -0.25, -0.25, -0.25]  Player1 score: 19759  Player2 score: 19342
player 1 weights[18, -0.25, -0.25, -0.25, -18, -0.25, -0.25, 18, -0.25, -0.25]  player 2 weights[-18, -18, -0.25, -0.25, -0.25, -0.25, -0.25, -0.25, -18.25, -0.25]  Player1 score: 19813  Player2 score: 19388
player 1 weights[-18, -0.25, -0.25, -0.25, -0.25, -0.25, -0.25, -0.25, -0.25, -0.25]  player 2 weights[-18, -18, -0.25, -0.25, -0.25, -0.25, -0.25, -0.25, -0.25, -0.5]  Player1 score: 19868  Player2 score: 19433
player 1 weights[18, -0.25, -0.25, -0.25, -0.25, -0.25, -0.25, -0.25, -0.25, -0.25]  player 2 weights[-18, -18, -0.25, -0.25, -0.25, -0.25, -0.25, -18, -0.25, -0.25]  Player1 score: 19919  Player2 score: 19482
player 1 weights[18, -0.25, 18, 4.0, -0.25, -0.25, -0.25, -0.25, -0.25, -0.25]  player 2 weights[18, 18, -0.25, -1.5, -0.25, -0.25, -0.25, -0.25, -0.25, -0.25]  Player1 score: 19972  Player2 score: 19529
player 1 weights[18, -0.25, -0.25, -0.25, -0.25, -0.25, 18, -0.25, -0.5, -0.375]  player 2 weights[18, 18, -0.25, -18.25, -0.25, -0.25, 18, 18, -0.375, -0.5]  Player1 score: 20022  Player2 score: 19579
player 1 weights[18, -0.25, -0.25, -18, -0.25, -0.25, -0.25, -18, -0.25, -0.25]  player 2 weights[18, 18, -0.25, -0.25, -0.25, -0.25, -0.25, -0.25, -0.25, -0.25]  Player1 score: 20070  Player2 score: 19631
player 1 weights[18, -0.25, -18, 1.5, -0.25, -0.25, -0.25, -0.25, -0.25, 0.0]  player 2 weights[-18, -18, -9.0, -0.25, -0.25, -0.25, -0.25, -0.25, -0.25, -0.25]  Player1 score: 20117  Player2 score: 19684
player 1 weights[-18, -0.25, -14.625, 1.0, -0.25, -0.25, -0.25, -0.25, -18, -0.25]  player 2 weights[18, 18, -0.25, 2.625, -0.25, -0.25, -0.25, -0.25, -0.25, -0.25]  Player1 score: 20157  Player2 score: 19744
player 1 weights[18, -0.25, -0.25, 17.75, 18, 17.75, -0.25, -0.25, 0.0, -0.5]  player 2 weights[18, 18, -6.0, -0.25, -18, -0.25, -0.25, -0.25, -0.25, -0.25]  Player1 score: 20202  Player2 score: 19799
player 1 weights[-18, -0.25, -4.625, -0.25, -18, -0.25, -0.25, -0.25, -0.25, 0.625]  player 2 weights[18, 18, -0.25, 0.625, -18, 17.75, -0.25, -0.25, -0.25, -0.25]  Player1 score: 20245  Player2 score: 19856
player 1 weights[18, -0.25, -0.25, -0.25, -0.25, -0.25, -0.25, -18, -0.25, -0.25]  player 2 weights[-18, -18, -0.25, -0.25, -0.25, -0.25, -0.25, -0.25, -0.25, -0.25]  Player1 score: 20299  Player2 score: 19902
player 1 weights[18, -0.25, -0.25, -0.25, -0.25, -0.25, -0.25, 18, -0.25, -0.25]  player 2 weights[-18, -18, -18, -0.25, -0.25, -0.25, -0.25, -0.25, -0.25, 1.75]  Player1 score: 20347  Player2 score: 19954
player 1 weights[18, -0.25, -8.75, -0.25, -18, -0.25, -0.25, -0.25, -0.25, 0.0625]  player 2 weights[18, 18, -0.25, 4.0, -0.25, 17.75, -0.25, -0.25, -0.25, -0.5]  Player1 score: 20394  Player2 score: 20007
player 1 weights[18, -0.25, -0.25, -0.25, -0.25, -0.25, -0.25, -0.25, -0.25, 17.25]  player 2 weights[-18, -18, -0.25, -0.25, -0.25, -0.25, -0.25, -0.25, -0.25, -0.25]  Player1 score: 20445  Player2 score: 20056
player 1 weights[-18, -0.25, 18, -0.25, -0.25, -0.25, -0.25, -0.25, -0.25, -0.25]  player 2 weights[18, 18, -0.25, -0.25, -18, -0.25, -0.25, 18, -0.25, -0.25]  Player1 score: 20501  Player2 score: 20100
player 1 weights[-18, -0.25, 18, -0.25, -0.25, -0.25, -0.25, -0.25, -0.25, -0.25]  player 2 weights[18, 18, -0.25, -0.25, -0.25, -0.25, -0.25, -0.25, -0.25, -0.25]  Player1 score: 20555  Player2 score: 20146
player 1 weights[-18, -0.25, -0.25, -0.25, -0.25, -0.25, -0.25, 18, -0.25, -0.25]  player 2 weights[-18, -18, -0.25, -0.25, -0.25, -0.25, -0.25, -0.25, -18, -0.25]  Player1 score: 20608  Player2 score: 20193
player 1 weights[18, -0.25, -0.25, 0.625, -0.25, -0.25, -0.25, -0.25, 0.0, -0.25]  player 2 weights[18, 18, -0.25, -0.75, -0.25, -0.25, -0.25, -0.25, -0.25, -0.75]  Player1 score: 20666  Player2 score: 20235
player 1 weights[18, -0.25, -8.125, -1.5, -0.25, -0.25, -0.25, 18, 0.0, -0.25]  player 2 weights[18, 18, -0.25, 0.625, -0.25, -0.25, -0.25, -0.25, -0.25, 0.0]  Player1 score: 20720  Player2 score: 20281
player 1 weights[-18, -0.25, -0.25, -0.25, -0.25, -0.25, -0.25, -0.25, -18, -0.25]  player 2 weights[18, 18, -0.25, 0.0, -0.25, -0.25, 18, -0.25, -0.25, -0.25]  Player1 score: 20771  Player2 score: 20330
