Sarsa weights[-18, 18, -0.042327838719255315, 0.006498268202969462, -18, -18, 18, 18, -0.04000021973685646, -0.03789137539778211]  Q weights[-18, -18, -18, -0.053536448468184755, -18, 18, -18, -18, -0.036556899440319125, -0.045957148547079614]  Sarsa wins: 44  Q wins: 57
Sarsa weights[18, -18, 0.04002433452106278, 18, 18, 18, 18, 18, 0.03999992200195329, -0.005546789872512267]  Q weights[-18, -18, -18, 0.04000088380427227, -18, 18, 18, -18, 0.03136000011555268, 0.0023972630363841493]  Sarsa wins: 89  Q wins: 112
Sarsa weights[18, -18, -0.03999998980803429, -0.040011136761856005, -18, 18, -18, -18, -0.08000399038007294, -0.2138165113205446]  Q weights[18, 18, -0.061499216576741, -0.03998186568392655, -18, 18, -18, -18, -0.046513868910867846, -0.375645886128666]  Sarsa wins: 130  Q wins: 171
Sarsa weights[18, -18, -0.04574062808131943, -0.047440961649171026, -18, 18, 18, -18, -0.0309372459594834, -0.15200000642106004]  Q weights[18, 18, -0.029976846217916926, -0.047688642301127813, -18, 18, 18, 18, -0.03999999997493663, -0.1840787800319807]  Sarsa wins: 174  Q wins: 227
Sarsa weights[-18, 18, 5.17913087092353, -0.18128012725164394, 18, 18, -18, 18, 0.04000001364653092, -0.2121800251087204]  Q weights[18, 18, -18, 0.024664188367667147, 18, -18, -18, 18, 0.04000081012259223, -0.24527175718635483]  Sarsa wins: 229  Q wins: 272
Sarsa weights[18, -18, -0.04009230271061628, 0.051879378852757715, -18, -18, -18, 18, -0.03999999405759513, -0.06661855201845458]  Q weights[-18, -18, -0.023506179328557808, -0.041193771643311033, -18, 18, 18, -18, -0.04057635831808014, -0.10401534010680887]  Sarsa wins: 277  Q wins: 324
Sarsa weights[18, -18, 0.039951610989256876, 0.04030723260368776, -18, 18, 18, 18, 0.04806475229597534, -0.06927798361050319]  Q weights[18, 18, 0.03993928568622756, 0.03860491654167032, -18, -18, -18, 18, 0.03975814710844284, -0.1632010223210677]  Sarsa wins: 320  Q wins: 381
Sarsa weights[18, -18, 18, -0.04319119360000002, -18, 18, -18, -18, -0.040000002872758324, -0.2933471396587044]  Q weights[-18, -18, -1.2654430935384071, -0.08031964608200709, 18, 18, 18, 18, -0.08797027937412787, -0.22609266182072568]  Sarsa wins: 367  Q wins: 434
Sarsa weights[18, -18, -2.3261121096015804, -0.04000054499663991, 18, 18, 18, -18, -0.0399999987708855, -0.0813764429179186]  Q weights[-18, -18, -0.04000000003642908, -0.04000086201766257, 18, 18, -18, -18, -0.04438092983499897, -0.04541387425550459]  Sarsa wins: 419  Q wins: 482
Sarsa weights[18, -18, -0.058406037459057626, -0.039918383337893264, -18, 18, -18, -18, -0.039999677088710085, -0.09440151548407733]  Q weights[18, 18, -0.040058874341567324, -0.04000000151072627, 18, 18, 18, 18, -0.039999388472335945, -0.16320672679757764]  Sarsa wins: 460  Q wins: 541
Sarsa weights[18, -18, -10.40026277195476, -18, 18, -18, -18, 18, -0.02400039598905966, -0.03200016848078434]  Q weights[-18, -18, -18, 0.34453211530491207, -18, 18, 18, -18, -0.03520000000000001, -0.041050504207470154]  Sarsa wins: 507  Q wins: 594
Sarsa weights[-18, 18, -0.038722533875179856, -0.03181557760000003, 18, 0.7998079999999996, 18, -18, -0.07198511447869832, -0.06770390694419742]  Q weights[-18, -18, -0.03647955031647389, -1.428800000000001, 0.023452160000000062, -0.040046080000000005, 18, 18, -0.0893849904499493, -0.08720276414460518]  Sarsa wins: 552  Q wins: 649
Sarsa weights[18, -18, 0.04001404706607996, 0.0402176704466748, -18, 18, 18, 18, 0.03200000000582244, -0.008127384591892273]  Q weights[-18, -18, 0.19451811878606365, 0.04900063707801413, 18, -18, 18, -18, 0.001599999999938033, 0.02604082764185601]  Sarsa wins: 597  Q wins: 704
Sarsa weights[18, -18, -0.04010389634560623, -1.6123689939435526, 18, 18, -18, 18, -0.039999998811506496, -0.14763687935009145]  Q weights[18, 18, -0.03926896696774028, -0.0400738818260992, -18, -18, -18, 18, -0.04414719980196774, -0.20013055771162272]  Sarsa wins: 646  Q wins: 755
Sarsa weights[-18, 18, -0.0403303501191539, -0.04002652950949685, 18, 18, 18, -18, -0.0358528146222095, -0.08006785475239933]  Q weights[18, 18, -0.03999998014671519, -0.040002080956330024, -18, -18, -18, 18, -0.04000000163759357, -0.008000000000000021]  Sarsa wins: 695  Q wins: 806
Sarsa weights[-18, 18, -0.0887927393233727, -0.04845360529408015, -18, 18, -18, -18, -0.0486977143461756, -0.1740195696612495]  Q weights[18, 18, 0.042866809733120015, -0.0410752, -18, 18, 18, -18, -0.04480000244545859, -0.0849841518954612]  Sarsa wins: 753  Q wins: 848
